6.708122786404274507e+00 2.198600620326679245e+00
3.909371225483213408e+01 4.232539055217656454e+01
1.617434782618545697e+01 1.208856858633661702e+01
-6.118747627771138298e+01 -5.870170967522688699e+01
-1.064126854252954857e+01 -1.861169343241312291e+01
-2.825894098581268921e+01 -2.670817423795825007e+01
-6.136493183969317755e+00 -6.843295191120873255e+00
4.074373393351128669e+01 2.707327311365504130e+01
-5.322314664299144482e+01 -4.069730627729969541e+01
-1.515233496471689811e+00 -1.188085391553983428e+01
-1.230680795588170184e+01 -3.289498056581644292e+00
-2.701110455914855280e+01 -5.209287515394755985e+00
-3.314394084113154548e+01 -3.325125863740750987e+01
-1.024372490705172112e+01 6.730779593823939422e+00
8.212415877407114095e+00 5.298202894525201323e+00
3.450182243882810695e+01 3.298431498768969306e+01
4.962063685732985618e+01 5.825205183252298013e+01
3.125638630447242328e+00 1.130201023386002035e+01
-4.796672531886372326e+01 -4.935070162727940613e+01
-9.879229336552318941e+00 -1.141473709567355499e+00
-2.941985206052176949e+01 -2.729407511648819096e+01
1.324487008696219270e+00 -1.561940044547158024e+01
1.764038328891961882e+00 -2.501281759566792440e-01
-1.724732763514726841e+01 -2.319934410301511463e+01
8.012597974153083058e+00 -6.563146595111279957e+00
2.325061798169306471e+00 -2.468717211495334851e+00
-3.549990306260085049e+01 -2.679867897002369048e+01
2.928341830292648051e+00 -7.899919482822950201e+00
-2.318678882046750900e+01 -3.199096814238905040e+01
7.694348467058452989e+00 1.266180708717227255e+01
1.124227124568805891e+01 1.261981850104944058e+01
1.166285353040034600e+01 1.460410037598191124e+01
1.681380561126351836e+01 -1.202973719943745690e-01
-2.152279370195508079e+01 -3.450636654780178247e+01
9.687257083949079473e+00 1.071686493000016860e+01
3.340708286590420073e+01 3.823255936386720322e+01
-1.038578649655894459e+01 8.828552718558273504e-01
-2.636203787280235389e+01 -2.931454804342012821e+01
6.062125366974559171e+00 3.911382887459036617e+00
-4.106892584959393133e+00 -8.871441571412028715e-01
2.156993280196946117e+01 2.682577804407578981e+01
2.230143733281214902e-01 2.707242986902826054e+00
-5.205002662510010758e+00 5.703183140930138784e+00
3.842976452317177216e+00 -3.325256521924420561e+00
3.186905211766744905e+00 9.307487474980563613e-01
-6.049164865336043562e+01 -6.592726482838587287e+01
1.132610793374351488e+01 1.192034248924563933e+01
9.979030511894173117e+00 4.002298203142630406e+00
3.017576814234889326e+00 1.806489583472422922e+01
-4.614896825574302142e+00 2.885796058015423160e+00
-3.169452089131816308e+01 -2.438018708292735681e+01
6.408981236156257921e+01 5.725886588046978432e+01
-5.562088570097503570e+00 2.777667441778803870e+00
1.390238050917770529e+01 2.598706550921006908e+01
-8.328038649644460278e+00 -3.084625539545244166e+01
-4.095576106726237953e+01 -3.235557134262200663e+01
-1.190841861186658868e+01 -1.464426454354905438e+01
3.040338445160401193e+01 4.012295963723925496e+01
-3.919512403931246070e+01 -3.678783654064378794e+01
1.176306113675011367e-01 8.420091557107209468e+00
3.531216675119206894e+00 1.280154216436637249e+01
2.641223638715591804e+01 1.331444593566291346e+01
2.535390511642798117e+01 2.221559686446499526e+01
2.412926980757788087e+01 2.580118007467387287e+01
-1.239529769387369917e+00 7.662339480308634876e+00
-2.661802356471604369e+01 -2.953500702820561230e+01
-2.896659177711823574e+01 -3.027831262334843743e+01
-1.590281815580070557e+01 -2.046467757371467755e+01
-5.660711686406327381e+00 1.712782644302803092e+01
-6.132675478260298796e+00 -9.010386831521239870e+00
1.762052419932797820e+00 -9.342352822173346283e+00
9.450707859646330089e-01 -4.740045365408223632e-01
3.423674135625409676e+00 2.101620129041788942e+01
1.011711096924029185e+01 7.755474270755912336e+00
-1.517617451120611705e+01 -1.654158519267809169e+01
1.484667376762286040e+01 9.526452108796791052e+00
5.694064007860093479e-01 -8.854414253312208771e+00
3.517659828998960680e+00 -8.941734337198871785e+00
1.066565050198776277e+01 9.841281211834152387e+00
-1.757695595174418557e+01 -2.548611822231305624e+01
-2.288370537867747956e+01 -7.990193971015041363e+00
-9.458336799751897672e+00 -6.135866273239523494e+00
2.146430169357862017e+00 3.691439328371388662e+00
5.631636546654492648e+00 2.843562013979243730e+01
1.958212027491433460e+01 2.166718787555917913e+01
-1.895872583799466682e+01 -1.740888081564530765e+01
4.261053173483346512e+01 4.324265557328909182e+01
3.009655051963520478e+01 2.760090741927749391e+01
-3.254898690073704870e+01 -3.607352113002967542e+01
4.803081859938735043e+00 8.111671979250473896e+00
-1.677917582479855341e+00 -4.619470201715293101e+00
-7.093549880897371374e+00 -2.141565098571928516e+01
3.089985406905193344e+01 2.973756274784624409e+01
2.646134439168317343e+01 2.602555435803699879e+01
3.461878842903218612e+01 3.708210136987623429e+01
4.254300129350895077e+01 3.831738378953518520e+01
-4.502001175468604544e+01 -2.432753358833658908e+01
1.921632933685064515e+01 5.911910218313114029e+00
4.440176867341437017e+00 3.791125423658018523e+00
8.648333286652331253e+00 1.246887919152149671e+01
-3.512646364046086234e+01 -3.278486200434868181e+01
4.927167890536638595e+01 4.839012059077312955e+01
-1.857035720346224750e+01 -4.633286298553064064e+00
-1.877684538993073815e+01 -1.034604755467161219e+01
2.230257014646545954e+01 2.053527028947094379e+01
-3.648138676269715575e+01 -3.940343061398964863e+01
-2.699147221388692586e+01 -1.012554122305356863e+01
4.807354258763920285e+01 3.505779093792238399e+01
3.728448399973389282e+00 -1.293356062478312118e+01
1.712581444282628951e+01 2.161952978156753602e+01
-1.157134660571559870e+01 -4.988384358237331284e+00
2.683870309309239754e+00 3.789637974456098402e+00
9.194868947112141200e+00 1.151234835454878436e+01
-9.682320732295488952e+00 -1.607054954496966914e+01
-6.531838964602195041e+00 -7.976413113175117253e+00
1.802125258084233295e+01 9.739311634718355037e+00
-8.428469450114496331e-01 9.815460961824069130e+00
-6.976681847149325932e+00 1.072699304892268302e+01
-2.064923559545919218e+01 -1.699597671558126066e+01
4.832610627736761977e+00 8.278966458183155908e+00
9.652926534320894092e+00 1.175899699629108497e+01
8.386215843104380951e+00 1.195516514025485399e+01
2.902827338607790608e+01 2.932811273225999571e+01
-2.887914058795061578e+00 1.010633144332717492e+01
-6.340683590325925101e-01 -2.015428480689569923e+00
2.577311619545313093e+01 2.253600791310612905e+01
3.354844918876455040e+01 2.799331852019719236e+01
3.771653793042956782e+00 -3.188359220339548883e-01
-1.042771042797259717e+01 1.945519224282654669e-01
3.872123655911425999e+01 4.008334376389029075e+01
-3.264951536589374115e+01 -2.023721266088509907e+01
-1.257577309562734413e+01 -9.620395265060411205e+00
-1.280978579424288988e+01 -6.727410036493088441e+00
-3.558374592493863275e+01 -3.840832247915575692e+01
-2.555061680413977143e+01 -2.804618067216164690e+01
4.078204411256258766e+01 3.634101485051836278e+01
8.823217185051646538e+00 1.854011749937653519e+01
4.990746750728551007e+00 2.069300820917079875e+01
-5.073553152432151769e+00 2.747210544901946161e+00
-1.194183766648107969e+01 1.560714704974820732e-01
-2.981632613456618230e+00 -1.435208929143209566e+01
1.986794719955877042e+01 2.462571137043746816e+01
-1.150892862698826491e+01 -2.591264364598371728e+01
5.510395729773780005e+00 -2.026976923429470556e+00
7.846988415716638077e-01 9.618441226601927241e+00
3.386612940665723670e+01 4.745880902605674123e+01
3.318994532432049027e+01 2.175806355891593213e+01
2.060317177857540472e+01 2.806158092145938809e+01
2.874157186459661562e-01 4.709582527665824081e+00
4.469484188434951477e+01 4.757821100925058744e+01
-6.820736070382359628e+00 -9.988570973770606543e+00
-2.687652681931720267e+01 -2.273881327156926346e+01
6.553197003140186716e+00 9.373141656262232502e+00
-2.260260330922316996e+01 -2.699798589298646689e+01
8.442637933882847889e+00 1.735455468136003887e+01
4.262890694947275705e+01 5.073218524553417552e+01
2.384365818227356826e+00 5.831800205432274176e+00
4.253860811401764863e+01 4.441508894951760311e+01
-1.705697052880863751e+01 -1.664238343481872207e+01
1.188373066505656972e+01 7.749063874337058344e+00
3.187954899829683342e+01 3.218278404436162532e+01
-3.454470379838612359e+01 -3.089477888117566806e+01
3.990485816134303310e+00 2.631987356626503072e+01
2.277536274453816389e+01 2.040759872066638181e+01
2.528587075542208140e+01 1.853247409693489445e+01
3.032418736930206027e+00 -2.231614129596536600e+00
-1.262785658449619319e+01 -1.141778464794286130e+01
-1.837821674819344864e+01 -2.753225111621476096e+00
-4.502568441672579524e+01 -4.137009158925261687e+01
-1.771505875309420475e+01 -9.154456157241469327e+00
5.805378004198830766e+00 2.337778692306523354e+00
-4.350727679917237189e+00 1.980427588083268631e-01
-2.803044241572654371e+01 -8.069537336340776079e+00
-2.193118099683785616e+01 -2.254589212933850106e+01
3.859216308376684168e+01 4.607364197900263747e+01
-4.856241096058901086e+00 2.148108154133277825e+00
-2.496797482145662528e+01 -2.116201168175009428e+01
-4.971011826008079559e+00 -1.734207644618881972e+01
1.257466193938201116e+01 1.711403866509288108e+01
-9.926761406325455894e+00 -1.653053264591287652e+00
4.118445642337908197e+01 2.577647386674536278e+01
-6.589959530430633095e+00 -1.021916613461679901e+01
-3.773215873869257564e+01 -3.631579414126186123e+01
7.758965019231177429e+00 -6.472249563234994341e+00
-4.398705021025215434e-01 -2.373780326879709524e+00
-3.219194737264236661e+00 7.817444804433025141e+00
-1.379438608400661259e+01 -1.954541689143921701e+01
-7.693710288526707686e+00 -7.552329314569709240e+00
-1.908892359219381518e+01 -2.559945994471979702e+01
-2.295870135908395948e+00 1.978262182295738247e+00
1.475088050663593187e+01 6.326382363818833454e+00
7.541632142356005986e+00 8.941440521544508968e+00
-4.572257646384549012e+00 -2.087901129985142745e+01
1.990207793718155926e+01 2.517624496431073666e+01
-1.214388462378887468e+01 -2.026579490161196517e+01
5.070648435185186997e+01 6.257598199336551659e+01
1.985524663278990332e+01 1.867915734720364895e+01
2.047570295704090526e+01 7.960024251943401907e+00
-1.013688524493664112e+01 -1.071764931529079767e+01
-1.757772827708548480e+00 1.129610326677029164e+01
-6.980534376609479352e+01 -8.472975458794522297e+01
-1.688041294092037248e+01 -1.763942623862146064e+01
-2.752446442079955702e+00 -6.607143049143653357e-01
-1.502292694651870519e+01 -5.077349054991876720e+00
-2.385993057094630387e+01 -9.955138085020211136e+00
7.154037274342174291e-01 -4.600247227897414248e+00
2.550198352125114454e+01 2.629161080153737373e+01
2.866178208048037135e+01 4.112217154136228459e+01
-1.025485507156731657e+01 -1.719671408055989303e+01
-1.260136707435026615e+01 -8.269902682022237661e-01
-7.707987349613309114e+00 -1.364475103135774070e+01
-3.127785068220466158e+01 -3.603371268029531649e+01
2.349330810237860234e+01 2.691016938173642359e+01
2.576699060730629043e+01 1.484832584022303514e+01
-2.222696798514991556e+01 -2.205564342122406529e+01
1.517127581415832083e+01 1.516000106356185206e+01
7.779004246264733524e+00 2.675752478179232341e+01
-1.715995794765002858e+00 -1.475781866855638613e+00
2.465273767727162735e+01 1.820518831886684552e+01
6.726556939080880682e+01 5.326007689358259256e+01
-7.645364594607843856e+01 -7.543351755358925459e+01
3.020424506703438539e+01 3.370314610070603578e+01
-1.762255168927006954e+00 -1.017421484837538159e+01
1.440079178676734806e+01 1.238101195738685334e+01
1.850040787256401131e+01 2.880176336401214243e+01
2.404407478419459565e+00 1.811330527088646747e+01
3.681544096232636321e+01 4.442089653641115632e+01
-2.121605134385029068e+00 -8.277189248123695720e+00
-2.235402404597556014e+01 -3.140690309613168196e+01
3.701337846074249427e+01 4.809334865772477485e+01
6.060193122530492360e+00 -3.813799215409471866e-01
-2.345462343713580466e+01 -2.665905548259495461e+01
-2.050735307041276911e+01 -1.268649618146698632e+00
-3.764845767067903637e+00 -6.276415281771566157e+00
2.763142210578383029e+01 3.694275935038945136e+01
-1.421135806125038670e+01 -1.566432303454506858e+01
-1.986273232962033575e+01 -1.644122281405489616e+01
-2.062667087843063385e+01 -1.795518136042072044e+01
1.024929909738885669e+01 3.853020228556717885e+00
-4.757503189468784477e+00 -8.701448378509990533e+00
-1.118830314072305576e+01 -1.863833985627468337e+01
-2.658173186184108872e+01 -3.280003443158339849e+01
-2.721479770519643182e+00 -1.082449038596506696e+01
2.460471101594374943e+01 1.861863710093948043e+01
-2.272216228698874474e+01 -2.453986440836380822e+01
-1.739840641293779910e+01 -1.706987674471666239e+01
2.578477621215651183e+01 5.672229769185637593e+00
-9.053063350776680451e+00 -1.489304785357825445e+01
2.171620347470005541e+01 1.061691645913926685e+01
-2.380359470765822039e+01 -1.854613789619899933e+01
4.665554732979661878e+01 3.060791155583443768e+01
-4.676328112315223962e+01 -5.280770610804611920e+01
-5.565612082656306470e+00 -1.982734083925409507e+01
1.188779781778537625e+01 1.184377244173818156e+01
5.250230738672367181e+01 4.783102559535446119e+01
3.636277847868127910e+00 2.264686952590394853e+01
-2.801314067363008675e+01 -2.673456877760483152e+01
-5.582031956246793492e+00 5.727905853091928456e+00
-2.350911072346971409e+01 -1.549851115310137928e+01
4.349328853599682532e+01 3.909743224834785735e+01
1.729386978036933087e+01 2.311247881566557538e+01
4.072843764791581123e+01 4.538299450134019253e+01
-1.657757313498580842e+01 -7.917225120283265305e+00
-2.760489569508312613e+01 -2.760064469233238782e+01
-1.006915522305679112e+01 3.989087581407228189e+00
-7.585670839140822075e+00 -4.721895089738418427e+00
-6.025409654948582272e+00 -6.744837488113128110e+00
2.511929825988279674e+01 2.843105370929539788e+01
-1.267610071223512946e+01 -9.718346401787142597e+00
2.397758707350668317e+01 2.336514532004495948e+01
-2.390323628199987027e+01 -1.480796365751009880e+01
1.288719671598422245e+01 8.220153070096003489e+00
-1.011383589985537235e+01 -3.677682405212029160e+00
-1.380525930262968615e+01 -2.098957590329943201e+01
-2.902910138167509047e+01 -4.025615229075201285e+01
-1.514788523414571664e+01 6.724007352233143386e+00
2.333504947060387735e+01 1.583342985820791604e+01
3.796757829404941553e+00 1.541482882164622836e+01
-2.144428941341291406e+01 -2.431873570675094598e+01
8.446260902198725606e-01 1.033928298466860696e+01
-1.822801478814817955e+01 -2.211807090768856909e+01
-4.106772225897758943e+01 -4.498126738601050789e+01
-3.613430791151172627e+01 -3.292973195879724102e+01
7.493801848644229047e+00 2.154451602224828832e+01
2.084491992193225585e+01 1.096538007575285967e+01
2.742803055579395988e+01 2.737802275235004146e+01
1.332865211252818760e+01 4.937242689703586151e+00
1.593167300700883615e+01 1.976761718163713866e+01
-7.925101360096544312e+00 -1.536748109888363523e+01
1.066094348107212397e+01 2.693406111876253917e+01
-2.162077275902469342e+00 -1.252315808510656403e+01
1.838792526683763917e+00 -1.699554236556006259e+01
-2.023289843360836215e+01 -1.799729095412625313e+01
-1.511513040038445510e+01 -1.474228147374852504e+01
2.211167441066951866e+01 2.838360427068215941e+01
1.393884130664644339e+01 6.043042157549388449e+00
2.119427242134418776e+01 2.500268417109302987e+01
-1.241501968059956518e+01 -1.995718896361697503e+01
-2.970248796576136741e+01 -3.353959626459515420e+01
-2.813287325583388920e+01 -3.732395856918230947e+01
-3.812653301784001769e+01 -3.739433255800160083e+01
-2.104640686892883750e+01 -1.605528301470612007e+01
-3.274489726992786132e+01 -3.661665043565325561e+01
4.075523687287292418e+00 1.257999756252216450e+01
-8.921860808900927253e+00 -8.675337885675286742e+00
-2.191879937263493616e+00 9.136915509252673262e-01
2.275719592402463221e+01 2.960758343554203975e+01
-1.565135801242816171e+01 -1.403241673005640600e+01
2.322327606087660090e+00 -8.602052703708084280e+00
-3.844882518614364475e+00 3.954154399151265320e+00
3.469859802568856821e+01 4.337124421270410579e+01
2.756746324982738972e-01 -1.361281225266332662e+00
6.629702887174287795e+00 1.868620001041524858e+01
8.349786261788683106e+00 3.820828405482831869e+00
5.280834752273417365e+00 2.766045611778363877e+01
6.598504104031279738e+00 -1.484173060094227559e+00
-2.637622748789800298e+01 -1.540476052039579891e+01
-4.940642956407696573e+01 -5.844149153091594684e+01
2.158858665595371207e+01 2.144361192178229292e+00
1.159934597920559085e+01 2.216243278193610422e+01
2.337642337956519256e+01 3.631494586899719224e+01
8.655999797240268023e+00 1.679545414710079854e+01
-1.248630660555179794e+01 -5.036317433176604741e-01
1.876423019659718694e+00 1.826779945771184188e+01
-1.282584491800439608e+01 -5.706564561563846283e+00
2.167637163725917304e+01 1.877033991129474444e+01
1.291104593533867195e+01 5.612691844673356023e+00
-5.353272551075077601e+00 3.263526917813248662e+00
2.699783634170932700e+00 -6.764717179927986379e+00
5.319704784607004200e+01 5.433946258269148899e+01
2.132323776808614824e+01 3.542666100237784121e+01
-3.824005815884412840e+01 -3.726469647964937337e+01
1.335241853363722875e+01 3.358485316524148168e+00
2.762992670352550206e+01 3.310114453876179397e+01
3.294204432522500525e+01 4.334997594422113565e+01
5.824117235800839509e+00 1.712053443416750653e+01
-6.807529216913279058e+00 -2.309203218044552486e+01
-5.092326309509869198e-01 7.372941737056861733e+00
-3.263719352551945718e+01 -3.517685520509532893e+01
1.409698292521733798e+01 1.552820016265258474e+01
1.090441346768988495e+01 1.010673892650626549e+01
-1.836543674168418505e+01 -2.297388940097643228e+01
-2.164359236345936921e+01 -1.235314569411345254e+01
3.088846999045810549e+01 2.932285398726080672e+01
-3.011951793306915803e+01 -3.885051888550852794e+01
5.243394775275538677e+01 3.366284175385681721e+01
1.428935410909316772e+01 2.376276376718879746e+01
2.437109878284639919e+01 2.558777184191428944e+01
1.259846666737710663e+01 1.172585123802850227e+01
8.555217395810592151e+00 1.223381227562595441e+01
2.010394510264370282e+01 2.901696554388222893e+01
3.225912932590743765e+01 3.327720384901752482e+01
-5.164612577623476142e+00 -1.813088660445908218e+01
-2.207639251756327248e+00 -1.523038349007737580e+01
-1.578990854487992834e+01 -2.369183232400951411e+01
-7.071561162273530599e+00 -3.386566582095769107e+00
-4.000581460192103123e+01 -3.838486786128502359e+01
-4.547423250993676191e+01 -4.794529836989462979e+01
3.642257253775103010e+01 4.193433193564792560e+01
1.755634957830670118e+01 1.502992671808905989e+01
1.439023493147536215e+01 2.328929927446182546e+00
1.195604984965585338e+01 3.738268043696756138e+00
1.684987924013524463e+01 1.161074534935347913e+01
-2.581594673561056297e+01 -2.902093368589845213e+01
-3.063486966674312750e+00 -4.304119602935084110e+00
-1.639078532860432347e+01 -1.894641662070396393e+01
-5.168619576265732007e+01 -5.640179222672905723e+01
3.519285610607020232e+01 2.418822814028952450e+01
1.453140515841569602e+01 9.673841541836715407e+00
-1.668825069972093900e+00 7.055998944962216246e-01
1.376361971290241115e+01 2.020325655457287084e+01
-2.736646176170032874e+01 -2.080868544481825211e+01
2.889182471621956516e+00 1.481109418647643317e+01
8.864490367473377930e+00 1.528273455709893014e+01
1.765126675712136262e+01 6.974471710183830275e+00
1.275458353202182149e+00 1.167267559899960894e+01
1.078149713793170150e+01 2.294030177165292272e+01
1.810036544392316316e+01 3.311433760669116211e+00
-1.541879163667688957e+01 -2.065462453701727696e+01
-1.062993928979791214e+01 7.527402666219805916e+00
-6.184179356178147913e+01 -6.707360909456355103e+01
2.776412249316368541e+00 1.073156989786228976e+01
1.960690406656746632e+01 2.064185224432413079e+01
1.330626744476192869e+01 1.208588441276432945e+01
-8.304593936662591602e+00 5.644978827885480221e+00
2.789458311999675644e+00 3.158685649112580318e+00
5.613099267563601558e+00 9.384637975441927793e+00
1.024890119636550745e+00 1.442896973140387828e+01
-6.638586029537162148e+00 -8.297341373431851963e+00
-1.363960188220702108e+01 -3.996554041829671000e+00
1.081679865738277257e+01 1.641923929253296421e+01
1.163425530886646797e+00 8.758439871157545298e+00
-3.334564650965578636e+00 -3.503597521279300242e+00
-3.051482351727818099e+01 -4.640813553548984061e+01
8.877856934919728715e+00 1.411542929061689300e+01
2.199847901999324051e+01 1.665309830476238417e+01
-3.291853014160257374e+01 -1.975073270426645422e+01
-2.068085984760421070e+01 -2.375231449283152330e+01
-1.138133791027596331e+01 -1.304693006729623406e+01
-1.029914862449935020e+00 -1.226835578642236513e+01
-7.273345794378181495e+01 -6.202261871886114619e+01
-9.749536375355479123e+00 9.759326060975586969e+00
1.380300060724714051e+01 4.242622875373694313e+00
3.649562470823973825e+01 3.401775888853185847e+01
-1.260356678182426649e+01 -8.977206200100257050e+00
4.177699506140896091e+01 5.594638847578507779e+01
-1.539486149926182712e+01 -7.723559905983914398e+00
-4.725782296977922670e+01 -5.188836366851985815e+01
3.063251923190029924e+00 -1.108588032486414399e+01
-2.596108576475367258e+01 -2.911245191215463635e+01
-1.556417642450010952e+01 -5.213806412890694908e+00
-3.855294749266650722e+00 -1.798466720973438271e+01
-1.287036079579534764e+01 5.973296708372882735e-01
2.724858632169021888e+01 3.690293343948254545e+01
-2.513221041445567039e+01 -1.404369957197167551e+01
-4.322419372122943138e+00 1.048028701586878331e+00
2.797834799830458508e+01 2.328659049664035052e+01
-1.317049565654169196e+00 -8.114151861889878248e+00
2.741823722817812126e+01 2.910243773680755197e+01
6.072867131754715597e-01 -1.825245509028137869e+00
6.381854217892913184e+00 4.969225449043473408e-01
-3.451445947251658453e+01 -4.331922526205127610e+01
-6.087571681445655969e+00 -2.249872508283341688e+01
3.300065566905569181e+00 -3.937136538619716575e-01
-2.816623925040741128e+01 -3.391401960464543919e+01
-3.054271276321583173e+01 -2.523669814027580927e+01
4.082893213613836281e+01 2.850543938273481714e+01
-1.852221976666643855e+01 -2.385365006201036309e+01
2.240375922054282753e+01 5.381958706128622261e+00
-1.042815116968916200e+01 2.573534884378675169e+00
1.774392365345592637e+01 2.073935957097688387e+01
-3.018623367660877577e+00 -6.674031837103795439e+00
4.311249441385665904e+00 -7.474095579029083503e+00
-2.065745090566780107e+01 -2.713694260836875571e+01
-2.691789904064850703e+01 -1.681444508957347139e+01
6.188151378471701491e+01 6.063061893946807146e+01
-2.745063360142773590e+01 -2.377568996151201119e+01
-1.455268577192429902e+01 -9.490627884755628685e+00
1.714463924820723761e+01 1.614817136996216362e+01
-3.753036579703029929e+01 -3.133935934609578666e+01
-4.621839665523469165e+01 -3.697039193820727832e+01
-1.165020681780514344e+01 -6.418968728265659784e+00
9.394571635865432313e+00 -5.066792847198957617e+00
-1.376678054665693152e+00 9.374540903518867596e-01
7.618320523660680799e+00 5.396613879830971960e+00
3.596513522023175113e+01 2.912045864373442683e+01
-1.293748036843672899e+01 -1.646483152917923931e+01
-7.701863307893069610e+00 2.778913716748373730e+00
3.162471281145999669e+01 3.048519722381519514e+01
2.222171144860971381e+01 2.042971147902984796e+01
1.711751190167746017e+01 2.029493116038409539e+01
-3.191718704312376786e+01 -1.846529334236152309e+01
2.675499750164390633e+01 3.141997203327756338e+01
-6.828004302216925225e+00 1.303056974202470020e+00
-2.365655913315101344e+01 -5.295540417483860729e+00
1.353045217799909139e+01 1.828833485912133483e+01
-2.243350548478962381e+01 -2.417995429661837292e+01
-4.002583434000351303e+01 -3.370797618981299593e+01
-1.280548253777034873e+01 -1.683571947813930691e+01
-6.302809609866500962e-01 -4.874300813560034085e-02
2.539727460845170626e+01 2.361116297360863570e+01
-3.180005296931477154e+00 -1.171233716607903652e+01
2.076582090867907571e+00 1.005313685015619463e+01
3.225687368815945533e+00 -1.490015368530142270e+00
-3.391196571154149098e+01 -3.271535038104661908e+01
8.027927116576000444e+00 -9.579313749532232247e-01
5.452119053346228839e+01 5.228345027141911316e+01
-3.597187220627593973e+01 -4.258779414932470786e+01
-1.465333570127738483e+01 -2.393865524601546824e+01
1.258789749301306848e+01 1.428469525012242691e+01
1.551787873924838301e+01 2.492666822055840825e+01
-3.475785999361553991e+01 -2.488257900334196648e+01
1.808477946920501722e+01 1.435886434319005645e+01
-9.906142037409420453e+00 -1.232372720132688215e+01
-3.017061542516284334e+01 -3.123847889675558775e+01
3.589237583238028328e+00 1.863247089020162006e+00
-2.504756875803800042e+01 -3.833440351514165911e+01
-1.467030039195427271e+01 -8.679895073870889988e+00
1.192641175052167668e+01 2.096537534793763058e+01
-5.989048231149958212e+00 -1.472097209297474762e+01
6.890402853463035271e+00 -6.444530645529343182e+00
2.915925816350014799e+01 1.857240818987392572e+01
-4.779844679956167575e+00 -1.945668469214362517e+01
-4.841396664966627905e-01 -1.169513583245082700e+01
1.436954099767342363e+01 1.853412731204094754e+01
-8.313465311359388821e+00 5.309330338924474368e+00
3.530537788646067821e+00 -1.308380064246481922e+01
-1.672793591475054598e+01 -2.304071047575054720e+01
-1.032478296372102022e+01 -9.548485425905020918e+00
6.898314341188043208e+00 1.060454222657136114e+01
-3.550316301681302633e+01 -4.833512790261413983e+01
-1.306977060430963711e+01 -1.602388332232692036e+01
-1.203474261810198342e+01 -7.576489985000228522e+00
1.252134959303325878e+01 8.009311863243201657e+00
-5.843055514211767942e+00 -5.431627424734982057e+00
2.786857354170691181e+01 2.590547936167152798e+01
-2.059358402405713306e+01 -2.163321922145858878e+01
2.159337484642355776e+01 3.059123342538585177e+01
4.777372103632760769e+01 4.936123478091547412e+01
2.053851924904133242e+01 8.997062647339078012e+00
2.098064046353698231e+01 6.269188865424449864e-01
2.737318629774727796e+01 3.011449780940739984e+01
-4.054189377503734093e+00 -3.895768135946455324e+00
-3.075016032256547405e+01 -1.399710811028089097e+01
1.203422452389489195e+01 1.270907582590179530e+01
2.578298237592173336e+01 9.812557047139629063e+00
1.231439226380965124e+01 1.369538462503285281e+01
2.914641754685467845e+01 4.373259552240491388e+01
3.177548380840251951e+01 2.574908832480398857e+01
-9.158919129955330973e+00 -5.932903285077923972e-01
-4.201505531652298231e+01 -2.586045741223258787e+01
7.561729679726834519e+00 -1.538486100955085201e+00
8.696385775088199210e+00 -4.120370576356692460e+00
2.843099772006368653e+01 1.420873881275573325e+01
-2.697476481592412156e+01 -3.121020012025772772e+01
-2.165923414341247977e+01 -2.871271327329969481e+01
-4.947629172338046999e+00 -2.251363624790621465e+00
1.282686317857694991e-01 6.312663729239139876e+00
-7.270223982161029497e+00 -6.548087963542590373e-01
-3.289599400336692980e+01 -3.475881324999981103e+01
-4.664176202803985483e+00 9.454389201674086252e+00
4.410585984902344592e+01 3.194357676162322335e+01
-1.710402351175043023e+01 -1.666613432401470618e+01
2.160334843056150422e+00 -8.218548473619630812e+00
2.759172679019254204e+01 2.563862423648065558e+01
1.436666296074658078e+01 -7.309679796940328211e-01
4.923321995909767423e+01 4.987424224545365803e+01
-2.373926710827651121e+01 -2.711306980039511316e+01
-1.226962993721023132e+01 -1.333421835196511651e+01
-4.160732223224329118e+00 -2.326998655015635009e+01
2.979409092494393718e+01 1.631177748477245260e+01
2.064243600076020968e+01 2.615561189708802559e+01
-2.042146098876004601e+01 -7.015022716729886199e+00
-8.110672922616569025e+00 -7.152368509321513912e+00
1.618132462550643069e+01 2.400788621928242250e+01
-7.774510531956543957e+00 -1.126551003544946106e+01
-5.050953017020251679e+00 -6.038657488359108427e+00
-2.871690992144822729e+01 -1.291166779156509570e+01
-2.663740971617094999e+00 -4.183027083078907360e+00
-4.157283697327100569e+00 3.637877474474615180e+00
-8.109915162104645248e+00 -5.932525014165624277e+00
1.927267725722393132e+00 -1.545619651262275340e+01
9.797698378375013561e+00 1.743620308294141097e+01
-1.418838894060700540e+01 -2.847037730547092238e+01
1.190539594587713701e+01 2.101420424868438275e+01
-1.840503845817116968e+01 -1.540363767414209839e+01
-1.585623361179046675e+01 -7.890306827089662356e+00
2.991151572490237598e+01 4.068685338661023110e+01
-1.430898047642547333e+01 -2.246520571431808833e+01
-2.257991424019624915e+01 -6.308189588219118349e+00
-2.465008459855569356e+01 -2.071829645617090065e+01
1.110377694512900248e+01 4.056095325143799890e+00
1.002430087362744793e+01 1.281525539542489334e+01
1.856154080782984295e+01 2.312893449979587146e+01
-3.043084408913547989e+01 -3.776126375223412168e+01
-3.522601608686736085e+01 -1.999668627568888013e+01
2.217732971329249736e+01 1.756507946376788354e+01
-3.697207032566106477e+01 -2.730359764838163272e+01
-3.985581585111405900e+01 -3.702746502639493542e+01
-1.491145253333227894e+00 7.413538123700715410e+00
1.715695957771085389e+01 1.810167349031453554e+01
1.936306106616238054e+01 2.555263579718314304e+01
-2.278148825625979867e+01 -2.175527267045630353e+01
2.635699969710744739e+01 1.857218603151470049e+01
5.139515596148283549e+01 4.367924835586770627e+01
5.277414980468719818e+01 7.031771601975415820e+01
-2.012270374811650608e+00 6.746189282662397702e+00
-5.234344170393116613e+00 6.666271557197518682e-02
5.208586988142680951e+00 2.519130658873416362e+00
2.071717163974540910e+01 3.786861786519249318e+00
1.416202919236592139e+00 -3.269203615201455637e+00
4.753444181459718010e+01 4.191584403648425194e+01
9.598262801705521596e+00 2.604784081389920303e+01
2.418591393548425472e+01 1.302259371526480258e+01
4.795886830012715762e+00 3.651922244900961179e+00
2.911687979718019292e+01 2.466229497545258553e+01
-2.077887869944689569e+01 -1.286162384326329722e+01
-9.989228904913554530e+00 -1.379918883412034170e+01
1.872134071256930810e+01 1.585255607122692290e+01
5.917466934173226001e+00 1.171937894192414786e+00
-1.531465416039632288e+01 -1.568669142177414955e+01
1.119126919918340768e+01 1.143436000344044956e+01
-1.255570753821730889e+01 -1.047219867712538033e+01
4.418265796679678559e+00 1.096147499052201724e+01
2.447249879181182308e+00 -1.352118194621348080e+00
6.916095745392526695e+00 1.826777291892764943e+00
3.136338319294246801e+01 3.039138144497875516e+01
1.263915651300563825e+00 2.650816037857399277e+00
-1.299177939680169835e+01 -1.160296629099273780e+01
-2.954352720973900048e+01 -3.639058953872540769e+01
-3.193933988236150157e+01 -4.090238659146275069e+01
1.788832094303712150e+00 2.196230939952608541e+00
-8.736678179644881581e+00 -7.272111050355944961e+00
-3.590951348004410448e+01 -3.170058405968144299e+01
-2.037853603694456339e+01 -1.861177397334573413e+01
2.682435912145054147e+01 2.298813714395205920e+01
1.551536271105372755e+01 1.624099573516458506e+01
-2.724892225568737558e+01 -3.139954383286707440e+01
4.623917909542158533e+00 6.736707480361554978e+00
-1.038501474118050893e+01 -1.809047770147155987e+01
6.443852735593535996e-01 -7.051198996674413522e+00
-2.139227187104689420e+01 -1.613168544357366230e+01
-1.593979068106343711e+01 -1.810638853273176707e+01
1.582161483243727496e+01 1.564401689669756301e+01
2.913801643665637542e+01 2.069246700002599582e+01
-1.231352847733863598e+01 -2.106287044109499007e+01
-8.082593710386662522e+00 -1.197349509132248002e+01
1.857728696691625103e+01 1.971859071284047005e+01
4.330942329340898844e+00 -2.617915753331431894e+00
2.378594921031373843e+01 2.689096913045678860e+01
-4.583020443820998935e+01 -5.204058852089057297e+01
7.824593119567747124e+01 9.214732467996412879e+01
1.236319495103731736e+00 -3.556856007771587613e+00
4.585769859001769078e+01 4.298428187740770312e+01
-3.628365213777748011e+00 5.613918023027059334e+00
1.894939611517033029e+01 3.106549992123394688e+01
-1.504267658044877187e+01 -3.869916404055000925e+00
4.364999356896117177e+00 1.403060956911753543e+01
-1.671431596844474399e+01 -5.026915606020965654e+00
-2.093028110045914159e-01 -4.646431921354792216e+00
3.503275221494796643e+00 8.833060652320478212e+00
4.592941983082501878e+01 4.452639139053845696e+01
-1.165453445371349517e+01 -1.493941310611330664e+01
1.709196948977781005e+01 1.268892811970578904e+01
-3.029255323246918863e+01 -2.521626228102161349e+01
-6.488926148745211897e+00 -5.231146154968651096e+00
-2.157377994258174336e+00 -8.969940505207392167e-01
-3.484436487704656571e+01 -1.736099168887225730e+01
-1.043263379414239012e+01 -2.135188219588172132e+01
-2.687540805964593460e+01 -7.454682973278951685e+00
-1.602893587178552437e+01 -2.550189221109521753e+01
3.286774394874775407e+00 6.618162664980147269e+00
2.723339583578396272e+01 3.150467635949764045e+01
-1.861851549621555080e+01 -2.365462888559816435e+01
-1.459247065256796638e+01 -1.768123897035457048e+01
6.396873574465437251e+00 8.067729730425975632e+00
1.006340145926271035e+01 5.941909392605167817e+00
-5.237738736240103776e+01 -5.569995870387538872e+01
-4.728201600381427738e+01 -5.283372868410928191e+01
-2.657256829943391629e+00 -7.835018362099278377e+00
2.236053703634237522e+01 2.091685665697460905e+01
2.666380244277386513e+00 -9.292891155616684884e+00
1.577685493502152525e+01 1.297255022522718448e+01
7.308847005931176533e+00 1.420366742816701766e+01
3.168606304975390975e-01 -1.050638511208967252e+01
4.405786157989872009e+01 5.942506497227196860e+01
4.540465118725174420e+01 4.079138221788093688e+01
-2.967583648994780887e+01 -2.901646746751554318e+01
2.422614292846795081e+01 2.544695918001400514e+01
-5.325590504448686424e+00 2.088572085790834088e+00
1.033485291992408328e+01 -9.882695388531777425e+00
1.471757519762915933e+01 4.340037197113715273e+00
1.769016200199865807e+01 9.849262086886479750e+00
1.642611160613817489e+01 2.072159091126206576e+01
2.735102191321523080e+01 1.563318089561012059e+01
2.246199332028835371e+01 8.739954397208524739e+00
1.131263925052817143e+00 1.230574715435442101e+01
-1.543234856571937641e+01 -1.560656541588110002e+01
-5.817897718057755796e+00 6.069538361460853348e-01
-2.363251995177556353e+01 -3.175270315004509669e+01
2.668679192476112405e+01 3.888191518527720802e+01
-3.150289237090835859e-01 4.455956983675575245e+00
1.360116730431172094e+01 -7.960208297798970101e+00
-2.860580039204493552e+00 4.976569732024998416e+00
7.384000238988174480e+00 1.075012724045483026e+01
-2.368951740170067488e+00 8.341043105291491955e+00
-3.378586555388853441e+01 -2.912141695316259415e+01
-1.614829466846986961e+01 -9.962343474431470725e+00
1.474574890853340037e+01 5.202993462067443176e+00
-1.886303836478959184e+01 -3.522598614434480169e+01
2.995910580962065239e+01 3.696403139593925147e+01
-1.680971729731076891e+01 -2.302433887864887296e+01
2.908384457599991757e-01 -5.756859385835520371e+00
4.623411219689725016e+01 5.009323167611505312e+01
1.487965861830557124e+00 -1.357327534375177613e+00
-1.218816986279019154e+01 -2.245867208571741358e+01
1.710378227734146606e+01 1.126136278519929768e+01
-1.117257973860541043e+01 -1.360836105800771634e+01
6.706661783728982584e+00 7.888105753205298498e+00
-2.069372485244742066e+01 -3.639501089378058651e+01
8.728173519324245788e+00 8.081462987160529465e+00
-3.618754834561792677e+01 -3.673721958284495770e+01
2.108477904966108696e+01 2.399880820748203547e+01
5.267183341045805989e+00 7.828814422731052325e+00
3.796206724776914143e+01 4.554362408371751059e+01
-1.101503284073830180e+01 -1.855952932165429337e+00
-1.016018008461079880e+01 -1.235167768780136477e+01
5.536748232217718169e+01 5.984164334777899086e+01
1.056401829553407978e+01 3.257313976792771903e+00
-1.260816037678026902e+01 -1.419428528952308000e+01
3.156637004471719976e+01 3.121022394582461956e+01
3.133816448067868876e+01 3.247565149096706705e+01
2.655847958743390080e+01 2.628055237219376039e+01
1.484731607915102991e+01 1.444867908824820546e+01
-1.602080519730903063e+01 -1.519007281844356960e+01
-4.080198304262896869e+01 -4.718034886102627468e+01
4.195445174373134023e+01 4.361206472232811393e+01
-2.499502753680820177e+01 -2.985015389510606809e+01
6.491708164642167844e+01 6.893144475805345905e+01
-1.856685861855976682e+01 -1.168495876291079760e+01
8.550777852420536007e+00 6.926695198421469080e+00
-1.186740345692181542e+01 -1.571862639509042658e+01
2.075367562550723122e+01 1.575929943206018358e+01
1.692114668999891691e+01 4.301180252198224530e+00
2.929114626674317279e+01 3.735008598527121393e+01
4.704175114768935906e-01 7.147188223171843546e+00
-1.463702442749147181e+01 -1.728337385064850196e+01
2.127752920722926433e+00 1.103110705912901501e+01
5.029651577151609132e+01 4.847761274067499215e+01
-3.229831522898160046e+01 -2.679148654095696003e+01
7.404419576803532799e+00 1.213866797160215860e+01
7.059330359228460638e-01 -1.988565691759370146e+00
-7.045814504697855973e+00 -2.255522253537970201e+00
3.608161695790514756e+01 2.831161303604821455e+01
1.025623813032887632e+01 1.490857803564599315e+01
1.681329668781963349e+01 1.586209497069040530e+01
-2.913817759410163077e+00 7.654563644615957507e+00
-6.522014222772851699e-01 2.615064297774063018e+00
-7.447807169493284585e-01 -2.180274179602166296e+00
6.338488034746615263e+00 4.806825375092207864e+00
-6.756112595903220885e+00 9.390632698938551570e+00
-1.415099336668496299e+01 9.699582920072579384e+00
-2.438536452436380486e+01 -2.471858756667962709e+01
1.868266119876978237e+01 7.962150315645637910e+00
5.027125312021604842e+00 1.474304835298911698e+01
2.652869171888278998e+01 3.142596623031284153e+01
1.188621141726097186e+01 2.055646261862707291e+01
5.593123545821314480e+01 6.295624537073653215e+01
7.915913371308807456e+00 3.243101169981176213e+01
9.318899868694186850e+00 1.163928177307066036e+01
-3.578312453964420570e+01 -3.169968139057721856e+01
2.472071479481131107e+01 1.276246352681119767e+01
2.057237982603578175e+01 1.805240700047122360e+01
3.743339916056815042e+01 4.764784761664604673e+01
-1.545887773723754677e+01 -2.641664605278991829e+01
-1.221479029354653001e+01 -2.018936284911886858e+01
1.565670766638497113e+01 1.031688867333365289e+00
1.189622030422043508e+01 1.808510939602136958e+01
1.455382590406978238e+01 -2.307158919737036795e-01
-1.349720731156738296e+00 1.719245320723965165e+01
-2.400258875879369924e+00 -1.412279212641818660e+01
-1.183727745116780383e+01 -1.750805366231945825e+01
-1.872196963041606921e+01 -2.578475558990160366e+01
-2.976005880789868741e+01 -3.335438053612924847e+01
1.444333320259254982e+01 2.493162411614654417e+01
1.668013022923381072e+01 2.999459591056987051e+01
5.020909424959985046e+01 5.025320241909151520e+01
3.824012117153980483e+01 3.478044962777876492e+01
-1.520386474282305400e+01 -1.743402607491116640e+01
1.134783436252235544e+00 1.305372919969164869e+01
3.282769798326410182e+01 3.504932219508849300e+01
-2.256892164522368205e+01 -1.226848324562517156e+01
1.003677710877369833e+01 1.745552882676106776e+01
-6.780065277415563685e+01 -6.151454122532662439e+01
1.043645164569227468e+01 6.243353588790040432e-01
7.000495969947412966e+00 -4.089767544816678146e-01
-9.609005924620436900e+00 -1.030415571154296472e+01
-1.650699498933149911e+01 -1.189663176645529497e+01
2.119227068988947238e+01 1.930303357174703294e+01
-2.657915907098723096e+01 -4.348211030939788913e+01
5.477515290499994904e+01 6.108861378571768341e+01
-2.205132475836752448e+01 -3.499061629657222738e+01
-3.511497982157895659e-01 7.596078122684255973e+00
1.944968414874118778e+01 1.791036570715815301e+01
7.257769493934404181e+00 -2.620329769145680388e+00
1.131773680038518037e+01 3.311924333540660115e+01
-5.814102219289652851e+01 -5.046751445293590166e+01
5.181011532312413514e+00 2.483644224461234007e+00
1.189628951919507216e+01 5.338705401474483914e+00
2.036774086209024759e+01 7.341343278523951632e+00
2.221068179419750876e+00 -1.181408924276685868e+00
5.840601418165829450e+00 1.281882032484094935e+00
7.690019278279328852e+00 1.308633031356270493e+01
1.112744434300498675e+01 6.941769325334900209e+00
2.054183103717470260e+00 1.559745867797782459e+01
-2.688954083587404753e+01 -2.543746624247711097e+01
2.335733012236483574e+01 1.894398004722356177e+01
1.152883827010206197e+00 -6.035639564406974245e+00
1.152310806746885952e+01 1.584229987498653180e+01
5.599809238492887253e+00 5.876909120356336835e+00
-4.099600026256729990e+01 -2.710884411688408235e+01
1.199508539046988886e+01 1.591478399668086929e+01
-2.901671209637522253e+01 -3.373687234502229870e+01
-7.455005819566503433e+00 -1.950911968634374816e+01
6.236162079034015093e+00 -6.222509055606554318e-01
1.610760984312055655e+01 1.274299828413540325e+01
-2.421523355287166979e+01 -2.368016854123301229e+01
1.011925700821475083e+01 1.862995889733098664e+01
5.564876194588950398e+01 6.011161992003406596e+01
2.644939990155786091e+01 1.339147150950830856e+01
2.598751588374529220e+01 4.266336440574781363e+01
1.319028212689247326e+01 6.475004677310062462e+00
-2.449215077996580447e+01 -1.498117961418698663e+01
8.041439604344054359e+00 1.388931745847141919e+01
-1.884526990133311841e+01 -2.676357140894496212e+01
-2.048655814728805424e+01 -2.214320024936070297e+01
3.802012587849868908e+01 2.961439080623311781e+01
-2.431231395772837922e-01 -1.229919749470210544e+00
3.573807099093526318e+01 1.516826861319569630e+01
-2.016276696638136467e+00 -1.429197379133754708e+01
-1.780317264624019558e+01 -3.323194896955277500e+01
4.911184270112778805e+00 -1.105126196921180259e+01
-1.740314604802578557e+01 -2.812578861558700893e+01
2.908181391511261982e-01 -5.881371459029415050e+00
1.443140818126880731e+01 2.306176801154114386e+01
-2.768634321105383123e+01 -2.166042762147833400e+01
-1.246262867471755520e+01 -2.746437082563358345e+01
-5.550378973592914100e+00 -4.656845843293741183e+00
2.555934204225650674e+01 3.113490538910340177e+01
-3.160715502718784720e+01 -2.337575914080874639e+01
-3.375869031250307728e+01 -2.069887395367619831e+01
-2.264191147522295111e+01 -3.113312785382320058e+01
1.129746538241038856e+01 4.712645803354146068e+00
-1.404270687898107361e+01 2.843381051219113775e+00
1.427202249172836446e+01 2.341064310706422802e+01
-1.788766138693877128e+00 8.424613528592640677e+00
-5.566668847943972764e+00 -2.482014446335671032e+00
1.380855967113475691e+00 -3.343717421364551523e+00
3.060498759500524102e+01 3.758012167861861030e+01
2.508770567266545015e+01 3.660998033127494011e+01
1.049334881014754117e+01 4.103200658364420522e-02
3.579715097930497336e+01 1.573914983536359458e+01
5.011723452813898305e+00 -1.008275649014574959e+01
-8.883881009635887338e+00 -1.900400328386781013e+01
2.141784024529440345e+01 3.196706767336533872e+01
3.133416784522867715e+01 3.747438944832507701e+01
-5.015903960459512945e+01 -3.661216722747285957e+01
1.949531193360158454e+01 5.882525786162770665e+00
-6.167026600903975364e+00 5.658707941505159766e+00
5.520843717974971554e+01 5.820021927913763449e+01
-3.579981805244663207e+01 -3.178569319208262911e+01
1.351647685478650729e+01 9.254911022984906310e+00
3.697359878963425928e+01 3.555103063486433257e+01
7.052785043386380792e+00 1.214950377373500245e+01
5.001111871578051371e+00 -1.206078852918946120e+00
-2.831659452957320866e+01 -3.217790973780494568e+01
7.899358474777906203e+00 1.974179572042767461e+01
-3.091747152671378274e+01 -2.735870683529104497e+01
-1.983157264615256921e+01 -1.211337260818160466e+01
1.526501915169349388e+01 6.293900090176341777e+00
3.039100506067011409e+01 4.166707547568756098e+01
-8.262921101869755702e+00 1.140111087682542879e+00
-3.882913782677847792e+01 -4.426540313462423626e+01
-1.699382105622592221e+01 -1.609674877056338360e+01
-5.003468546375113846e+01 -4.429400809087076851e+01
4.370395601048033996e+01 4.874090336466719009e+01
1.553791304477549140e+01 2.326640869793685340e+01
3.842524143416251370e+00 -3.650929910742185758e+00
3.143937717197290382e+01 2.257429427868399685e+01
1.923883436980262651e+00 6.981307835744352097e+00
3.370946643051155434e+01 3.552891335318049926e+01
-9.869501059786946584e+00 -1.482103474122398268e+01
4.384200600801508863e+00 4.541621727890196247e+00
-4.438519485091182304e+01 -4.804207241000103323e+01
-2.403515367187991458e+01 -1.572360587962433875e+01
2.881436167457969688e+01 2.513798015603758174e+01
-1.408864756464070389e+01 -5.637349554351201775e+00
-2.308221797553920496e+01 -1.269690017333509857e+01
3.913967645899099779e+01 4.267626702427202190e+01
-2.480931052925927816e+01 -4.546526648905359025e+01
4.672782329595066386e+01 6.308858504434168424e+01
2.930593197781118775e+01 2.584322973867061535e+01
9.707825131722749301e-01 -1.145869660094659004e+01
-3.589789996961434415e+00 -7.872993732447834070e+00
6.379422829304587372e-01 1.053772594834155463e+01
9.892135053451998061e+00 6.030254867677093067e+00
-3.030104254961094767e+01 -3.037531495074315302e+01
-2.226118597572408220e+01 -1.952288182363953695e+01
-3.100714524808188344e+01 -2.284245102644833736e+01
-3.351893936285248543e+01 -4.950321652354156043e+01
1.331734406906482882e+01 2.125052927533372937e+01
3.803157571677872717e+00 -7.180147437828619417e+00
-1.487229289434805857e+01 -1.827750453355019733e+00
2.357617223403858731e+01 1.033507835108272310e+01
-2.594327257373209861e+01 -3.991499978242129032e+01
3.056485755852585484e+01 2.740448668261903720e+01
-1.457038138393936144e+01 -2.163210427406767611e+00
6.281527282292981518e+00 1.004635022695604718e+01
1.402847154310550515e+00 -5.249299807700064768e+00
-7.741817430823392243e+00 -7.914452024203456837e+00
2.183444006832411333e+01 3.578997709524004733e+01
6.776307602722914325e+00 1.630125559054885898e+01
-1.880568718423922903e+01 -2.603954234578618099e+01
-3.685864994380327886e+01 -4.157946798324130100e+01
1.356199045314682294e+01 1.144959632108154679e+01
1.486132805181570582e+01 2.552924894672006317e+01
3.546686364318959761e+01 1.890055935411922405e+01
4.068964967979105296e+01 5.730818025421644535e+01
3.298785173299833673e+01 2.570702038173834580e+01
-1.574532919567372780e+01 -2.003932556397555942e+01
-3.612432357725167353e+00 -3.262272845055774528e+00
-6.488705731676010835e+00 5.590450821919372260e+00
2.472874887079124662e+01 2.860422830364339930e+01
-1.859113270717138278e+01 -9.527945758658784570e+00
-3.345696295446219182e+01 -2.734402426413145193e+01
-3.358586862447172194e+01 -3.783494150872276407e+01
1.201857009552629307e+01 1.413105788359589710e+01
-4.925672086593127830e+00 -6.747189706232217254e+00
1.878462025199514773e+00 -4.988279845500898979e+00
2.552728236455437738e+01 1.998327587479252898e+01
2.443158196280424832e+01 3.321904906937045432e+00
-1.310449146006979682e+01 -7.573375812354736780e+00
1.289051728399283370e+01 1.722257243279145555e+01
2.601559296332567328e+01 3.710205315316409269e+01
-2.237968847037791864e+00 -3.985731899039717696e+00
2.492854961527243418e+01 9.717873046937803849e+00
-1.911234948556576185e+01 -1.848765728513987128e+01
-7.075551848356631979e+00 -1.973908596328961096e+01
-2.176089421508289945e+01 -9.120718696905656842e+00
4.077373646194351942e+00 -9.854396400794762201e+00
-8.230169200029638921e-01 -3.674255004652483558e-01
-1.880495060179467970e+01 -2.042264321917413028e+01
-1.130928023615687472e+01 6.021278401949817782e-01
5.767516227518622429e+01 5.613219488876255525e+01
-5.305835780841640315e+01 -5.375144584782631796e+01
4.993290220474185759e+01 3.601083491000191827e+01
1.520480997431279135e+01 1.600787508536190984e+01
-6.973802350195435373e+00 7.101011311388306879e+00
-9.736509526020545868e-01 -8.234138215864215127e+00
2.454299888560554521e+01 1.743385587707166096e+01
5.054222839914472409e+00 1.085692128771773035e+01
6.341794270406233558e+00 1.314438609527212876e+01
1.061026080338764999e+01 -5.306088999555629293e+00
6.061469483316746931e+01 5.852197311865930374e+01
8.150804813053397879e+00 -2.185697912079196115e-01
3.435613428742590258e+01 3.649239527542550121e+01
-8.350557485250277301e-01 -1.461989901255220659e+01
-3.298157236754746435e+01 -2.874655334897280312e+01
-3.498194185059723083e+01 -2.797063811611167949e+01
-1.743950531522109770e+00 -6.173640162916272267e+00
-1.338212449158254636e+01 -1.740596352209282927e+01
1.457568610965898515e+01 1.422815506238590721e+01
-1.805798165503676955e+01 -3.259354478016896373e+00
-1.921390846342519509e+01 -2.632117282836926719e+01
3.533317819938223892e+01 3.032519788620373902e+01
-1.166863700224243239e+01 7.317250545900980119e-02
-2.895601250846706520e+01 -3.392875683190526814e+01
2.033198361836469203e+01 1.671876242920140854e+01
1.025952785088868779e+01 1.188878034438085507e+01
1.844334240946642112e+01 3.476629454893487292e+01
1.373524618799408969e+01 2.401441291573535963e+01
-1.406508885238944728e+01 -6.695959927858290861e+00
-1.717419953611906136e+00 -5.050964355054675892e+00
5.169294901435346201e-01 -3.391961866821870120e-02
2.561380342227360885e+01 2.024673080798555347e+01
-1.149017701801012059e+01 -1.710812219586284399e+01
7.276379309988731947e+00 -1.317295725994403588e+00
-3.769512423092565001e+01 -3.544498302225232322e+01
1.466956302207254659e+01 5.787609486334075015e+00
8.832253460497728526e+00 2.402916969760412869e+01
-2.726246515400909232e+01 -2.628749851036399932e+01
4.784741362859321612e+00 -7.955548737686408245e+00
-2.357759377131909417e+01 -3.596554153766162898e+01
-1.198366795517207528e+01 -7.348650511367885940e+00
1.019412396201775373e+01 1.529201957961069347e+01
-2.749448322800171240e+01 -2.476834697280004960e+01
-4.027191913838129267e+01 -4.130993728013773847e+01
1.067439999320380473e+01 1.565261272895348021e+01
-2.563637087817478744e+01 -3.134061566089096118e+01
-3.432492862944770451e+01 -2.783134705291574917e+01
-3.244882944936092883e+01 -2.044471021410668854e+01
1.223093206802045962e+01 8.775311678961186246e+00
2.696783171199790985e+01 2.454632933553487817e+01
3.537400827004380233e+01 3.346456495669799125e+01
3.680183637511648698e+01 3.998530907357607589e+01
2.702829549524896890e+01 3.121623271582982184e+01
2.048276888067667301e+01 2.324821117127076064e+01
-5.936503609438468221e-01 -7.718348433449643942e+00
-2.216755739652204404e+00 6.210991930742458145e+00
-1.017239085350630035e+01 -8.506220545616931972e+00
1.190347132154151488e+01 2.853108841770804460e+01
-1.145196587960417212e+01 -2.010069660604369446e+01
3.881242545983172221e+01 3.542470533085631246e+01
1.533908747861632449e+01 9.065481617788831770e+00
-6.046469541725782193e+01 -4.548410603490739135e+01
1.600421393172075213e+01 2.243341731696930808e+01
8.100091808149588957e+00 1.724474676205290535e+01
2.256287976684384944e+01 1.517792353888061463e+01
-5.157198592317111085e+00 -1.034605281333587712e+01
3.436133668985469569e+01 2.923693678091837000e+01
3.294254994972908968e+00 -9.284729863934177985e+00
-1.811341836383096293e+01 -2.502387305520311855e+01
1.303418146492390051e+01 8.633541114045653941e+00
-6.301180700082728237e+01 -5.536753464756037602e+01
-4.708337032022410540e+01 -5.368249579077511413e+01
1.477027077505110242e+01 1.219922260212865162e+01
-1.794531986783708888e+01 -1.742035471781449019e+01
-2.004915792469437008e+01 -1.043852267161798331e+01
-2.156193868113119194e+01 -2.372051646202459452e+01
-1.292201604373774693e+01 -1.515827242671157826e+01
-9.774320638175298726e+00 -7.047736846947266542e+00
1.965297195197168989e+01 3.341883826308055916e+01
2.078698868823546420e+01 5.631182971505967139e+00
-2.468243529948947668e+01 -4.255482828629011038e+01
-2.819887148860538062e+01 -2.034678699848517525e+01
-9.512049657870161212e+00 -7.654413376234807664e+00
-3.427293696763597097e+01 -3.668127358640547442e+01
3.311629830118866380e+01 2.051196057429269715e+01
1.616317280828774017e+01 -5.638862271936350562e-02
-1.511259961177769462e+01 -2.904290755760684739e+00
2.617810490304587745e+01 2.611237771734792190e+01
2.620271735581625805e+01 2.877544999644110746e+01
2.166947243361788367e+01 2.316852815832509904e+01
-7.370774389034849605e+00 1.964201099354720093e+00
1.189580787037984644e+00 5.336877563713120054e+00
4.243226097543599451e+01 2.965850481869328448e+01
-9.962050626752084526e+00 -4.482043519177359769e+00
-4.911892748184081725e+00 -1.317683310280979292e+01
2.735744007951683265e+00 4.815173789939792393e+00
1.566988211543927179e+01 1.679881535270234139e+01
-1.786650253140404043e+00 1.534103849078554127e+00
-6.587975739094680261e-01 1.406357422162039050e+01
-3.294626214519883689e+01 -2.800587950362479006e+01
9.345248511159444105e-01 2.034293985276974581e+00
4.942758795612027356e+00 -5.697750459860521310e+00
1.119663458236457920e+01 6.695717086471007384e+00
-2.047986804833330510e+00 5.076695813254483269e+00
6.603886378106350818e+00 1.150948696870017685e+01
-2.580900728941845301e+01 -2.814612441642218599e+01
2.957365695249824000e+01 3.692568711738380216e+01
1.423093777220697476e+01 8.659354317300442361e+00
2.101390942081695812e+01 1.215200555873837196e+01
1.575319875917541879e+01 2.828390530925442903e+01
-1.485486774638625107e+01 -2.300009615513127059e+01
7.936900664780959680e+00 -5.779321148086129512e+00
-3.600224867240575111e-01 9.790225052830646035e+00
-2.143045555343918096e+01 -1.678786734463674435e+01
-1.058190588231216811e+00 2.934163850364574611e+00
-1.695405404966608032e+01 -1.931430675980992362e+01
-3.173251948399340705e+01 -2.712260763776832562e+01
-5.350495494628624726e+01 -3.351352384429946341e+01
1.590069656769223982e+01 2.476118508675047636e+01
6.292406661058501882e+00 1.142530329766001707e+01
-1.287201029992283985e+01 -2.956685723279252542e+01
-8.036917613063961241e+00 -2.732071343990332579e+00
6.469720268688372578e+00 3.028725087599754318e+01
-1.135725385960609124e+01 -1.060729268864840158e+01
2.209937850596432440e+01 1.387027411648923625e+01
-2.366963708609572947e+00 -3.571428826406665813e+00
-4.550401152181414055e+00 -6.791936878005718548e+00
2.115095531755053315e+01 1.502757786066432466e+01
2.627281875854012405e+00 1.146548019587482869e+01
-1.847638121399392119e+01 -1.944932564198582980e+01
6.295901877948695713e+00 4.142599703638872199e+00
-2.356801915259096347e+01 -3.793171319935672159e+01
2.666832280467751204e+01 4.680945980948491680e+00
-7.725187660263809875e+00 -2.612130741577114534e+01
6.418784618362501249e+00 1.462620335401015659e+01
-7.392435050600075108e+00 -2.047034865782004331e+01
2.182839719200784145e+01 1.818425835107592903e+01
-6.552419854672359634e+01 -6.572090181343756399e+01
-9.841789568530908028e+00 9.711980590657144363e-01
-9.951715762892275663e+00 -6.687024081568186062e+00
-5.405565249703536779e+01 -4.429307755358484400e+01
1.271067205307828374e+01 -8.467018302166743338e-01
4.120885548744723081e+01 4.861694825667776598e+01
4.087055908795281312e+01 3.935665938376023831e+01
4.088766658718444091e+01 5.575906191615720076e+01
2.576434600613696446e+01 2.357329885794996471e+01
-1.495668907201438991e+01 -1.124508862623146754e+01
8.001658953926693130e+01 6.352259011080167284e+01
4.021345184028626285e+00 1.245370710917462631e+01
2.331453015689321973e+01 3.142082824518311313e+01
3.181478054663030619e+01 2.323755899765695432e+01
4.276319497246038281e+01 4.035817796763572574e+01
2.932269911157035835e+01 2.850420294283210865e+01
-2.427576778114167411e+01 -3.254889051839528236e+01
2.006078481261199897e+01 2.937576336303903091e+01
5.169831286711154661e+00 2.053469446096157469e+01
-1.237259817496513215e+01 -1.809324875364411866e+01
-1.566277141630213343e+01 -3.237938326186296933e+01
-1.306740683278639104e+01 -2.544048298210506687e+01
2.712822333685691234e+01 3.651660246153459610e+01
-2.718966666915806485e+01 -3.306336160972321636e+01
3.467799096847263840e+00 1.000865283503090630e+01
4.789261953921844395e+01 5.098908516338866548e+01
7.335297036217102828e+00 1.229026860237343755e+00
-2.956094103074150325e+01 -1.868183276621206446e+01
-2.220720644473342109e-01 3.053327380540353353e+00
-2.203041583306165896e-01 -1.559449659590846871e+01
-1.253677280088120938e+01 -1.428284618104710901e+01
2.490659968177875427e+01 1.563843310312377355e+01
-1.021559962713983793e+01 -8.660084805620183346e+00
2.072712940095576428e+01 2.042789952891571659e+01
3.672490784986091938e+01 4.243150327905652119e+01
1.113896603999645585e+01 1.439191792137100379e+01
-9.704075580831631243e+00 9.980802438838370705e+00
3.473024008677104746e+01 3.709500402724074064e+01
1.306565354632789067e+01 1.953750512580957377e+01
-3.632058881753354029e+01 -4.837551969931578810e+01
1.142410685867096376e+01 9.387455181276637362e+00
1.578352922526537760e+01 1.582811997612933119e+01
3.030835672808338188e+01 2.712927991291731900e+01
-2.586293972222101445e+00 -4.958812974666854778e+00
1.703997183464710474e+01 2.995949064936311146e+01
-3.349441620307261047e+01 -2.577240921008436914e+01
-6.479075875727214218e+00 5.431367026896864125e+00
3.238130953683347002e+01 3.832065761175978480e+01
-2.686864874106447232e+01 -4.494833016066512954e+01
2.389609599659133821e+01 9.894419875273731790e+00
3.337640302358486366e+01 2.977341735633251929e+01
-8.228369640072266122e+00 -1.100575456524764206e+01
9.443281893870302923e+00 1.052390657784615335e+01
-6.579989996920362572e+00 -6.703779736677774714e+00
7.641099044904600568e+00 6.971700746274163418e-02
-4.153020411785719901e+00 -5.653448437003310012e+00
7.422663473295556535e+00 1.299298169325312280e+00
2.684959017776581192e+01 2.960197013433417368e+01
-2.244551232149751030e+01 -1.092427765203323276e+01
-4.031068278714376873e+01 -2.864131451102961634e+01
2.106389721979291707e+01 2.288933682880608345e+01
-4.986908503078227994e+01 -5.878447935472796360e+01
-1.226719646577836542e+01 -1.159309830342694880e+01
2.778930447715878937e+00 -1.039959840534948654e+01
-1.398797429139058401e+01 -1.815049804302358538e+01
3.403589767181678383e+00 1.891350038092216224e+01
-1.250893501701572852e+01 -1.904676120634209369e+01
3.998200693734560929e+01 3.300373861832569844e+01
1.060624797585072088e+01 9.567086374102339974e+00
6.475445945241253831e+00 1.118931644394870517e+01
1.528774529786005232e+01 1.202930069020414905e+01
-1.620759362519424762e+00 8.747509285061444428e-01
-2.930778443293191149e+00 -1.288414493209366718e+01
-7.153614336160455167e+00 7.134344037071634753e-03
-1.746063081081185686e+01 -2.597161795551665975e+01
1.385868372175037422e+01 2.179478348378425423e+01
3.280875273180408414e+01 2.159531384768819251e+01
-5.894895277945925827e+00 1.676670050664374578e+00
-3.164790552957330050e+01 -3.094068212852316435e+01
-2.292706839058784851e+01 -2.984007518629913847e+01
2.082690796750387108e+01 2.234274285380109148e+01
1.645684170115209000e+01 1.654568853840084586e+01
-8.710459707406171148e+00 -2.029105751743911767e+01
-2.216150113469302241e+01 -1.126481541618201909e+01
2.964612576270333122e+01 1.714665023237900954e+01
1.347324133645896893e+01 1.928010945778040153e+01
2.733931642167204146e+01 2.996405524938068154e+01
-3.488396322504181413e+00 8.382693726613631213e+00
3.541995723310262889e+01 5.359117765383275156e+01
2.605942208180901787e+01 3.213613509279818459e+01
8.366794786247735871e+00 1.526111322112328850e+01
-8.825933809131818464e+00 -1.262722877153756862e+01
3.695796390158947009e+00 -6.036592738296656435e+00
2.933998585776816270e+01 3.070303325730472821e+01
3.471201209765080620e+01 3.069890991419626047e+01
3.792910337151739864e+00 5.591785022655115789e-01
-7.148543801347036819e+00 -6.940128691701508146e+00
-3.421950024564977610e+01 -3.807424075891172066e+01
-4.561228607476125241e+00 -5.467564190122428336e+00
-1.874689601724594823e+01 -1.554403059162560652e+01
7.371499684415443454e+00 -3.979600443561376988e+00
2.072297226680980131e+01 -7.904210031054794694e-01
-7.995400783024188274e-02 -2.048416175930211480e+01
-2.795561659335424665e+00 1.091410047480692747e+01
2.840773016284562047e+01 3.646956493885309669e+01
5.435124531439930351e+00 1.062419302198253135e+01
1.422189441571917357e+01 2.577949388150329213e+01
-4.471546739489602906e+00 -4.698855762073737008e-01
-4.390828352841825932e+01 -4.344249150093641276e+01
5.566177096274196323e+00 8.815186202754121680e+00
-1.275401204007954314e-01 5.362485563144777423e+00
-2.379648609271547954e+01 -2.468164029721556574e+01
-3.724603024225831405e+01 -4.156649296223311296e+01
-2.605509406017003826e+01 -2.532714247272279096e+01
-9.554260202303881400e+00 -2.156195414888886663e+00
3.247604552723937221e+00 3.633001722313551340e+00
2.268919279297694302e+01 2.919141934136248295e+01
-2.620282148427762792e+01 -1.003283610397676284e+01
1.892300171487854499e+01 2.985023946969677056e+01
1.167612730084491446e+01 7.359721663636377365e+00
4.132201550545079982e+01 2.706045449877271736e+01
4.554001921471341063e+01 6.623328107027229805e+01
8.691007568786580650e-01 -7.087659848647199112e+00
3.375356788613939329e+01 4.089944238493939821e+01
-4.118466791610924105e+01 -2.482936711962437215e+01
1.862489446697580320e+01 1.161429467335680243e+01
-1.777210544759368460e+01 -1.180799752424175963e+01
-4.765105407690137795e+00 2.041165256616301704e+01
-3.501723009471010073e+01 -5.000327626505046652e+01
6.391545365853396277e+00 1.723097535053069862e+01
4.212556163661193409e+01 3.998254969380595725e+01
2.336195280685581022e+00 8.723652968761392401e+00
-2.477058495182935971e+01 -3.375990967978034973e+01
-3.258397578236071013e+01 -3.058617596984823095e+01
1.596318044217008314e+01 1.991131882458507008e+01
5.448645357056845384e+00 -2.803985755608352504e-01
-8.240888793972730442e-01 -1.228258428206860486e+01
3.189175691433339210e+01 3.388751284135564390e+01
-3.502016701370853724e+01 -3.765588600923128126e+01
1.752592395030477945e+01 1.290897408899479082e+01
6.386227924014600710e+00 2.406974775182970916e+01
-1.228142969312648347e+01 -8.985546726344249890e+00
-2.010111503874814787e+01 -1.301218305006198861e+01
1.172112828884291069e+01 2.429800073870239530e+01
-1.991828678530188057e+01 -2.210136426537782839e+01
6.085888851173782754e+00 -1.374624068785746545e+01
-3.389745187679217953e+00 -2.103994698223196735e+01
-1.995686177631051805e+01 -1.862527770530030935e+01
1.264609980654470789e+01 -6.342656694744589707e+00
-4.046086827582454504e+01 -3.132021937759395058e+01
1.530827253157394807e+01 3.563737630185971739e+01
-2.704064833253941647e+00 -5.374734396086336963e-01
-6.295606330760463720e+00 -3.142780312889985339e+01
9.431632560129893150e+00 1.447220044289659135e+01
1.130272150506924334e+01 1.185891636082337541e+01
-1.103653342278079919e+01 -6.459689140831225806e+00
2.089364696235846353e+01 1.073655693485770257e+01
2.998164397189133012e+01 3.363626610467817812e+01
2.685412045460480002e+01 3.056612806375711244e+01
-5.830475988365163786e+00 7.903534861747137263e+00
3.071694802640711153e+00 1.683519415143823039e+01
-5.316722951769336625e+00 -2.989879970067008230e+00
1.262350339620921247e+00 -1.384325724812307890e+01
-1.933413838768210269e+01 -2.227369063765517865e+01
-2.311978141337092296e+01 -3.799928475345698775e+00
-2.467193541953146507e+01 -3.314007089538937123e+01
2.012985417233661423e+00 1.186732860560920200e+00
1.625417215859328834e+01 1.908457265270119763e+01
-3.234271098129602251e+01 -3.563669210355247685e+01
-3.252584903571929686e+01 -3.000024343477595323e+01
-2.601666569814781838e+01 -1.695640488368323062e+01
-7.906645316016883696e-01 1.504059759452369249e+00
9.519530328247215678e+00 7.889687197179690026e-01
-1.973923545957396897e+01 -1.976540597040411740e+01
6.680293805615741576e+01 7.239413821461869247e+01
-2.452334525778807617e+01 -2.929820728496958182e+01
2.130538948601666149e+01 2.684482465972636334e+01
3.188097706898201711e+00 -6.612252505741193609e+00
2.024718773611422407e+01 2.684919319938601845e+01
5.568718815457079785e+01 5.600694882641356287e+01
-1.775488296334135185e+01 -8.102443791964137887e+00
-3.662697382885250619e+01 -3.150960724776043165e+01
-2.218004813041543244e+01 -2.163803294958386658e+01
1.506038953260279101e+01 1.086778547774021320e+01
-9.517589759093677770e+00 -1.552615851170511796e+01
-3.389142280340322344e+01 -4.007749965721144747e+01
3.136656159831994373e+01 1.378777024289090036e+01
-4.115351210391652970e+00 -3.126534889635020242e+00
-7.006504270541447088e-02 -2.435151189661564519e+00
4.192357239930838375e+01 4.892821106974098200e+01
-3.782247186541516815e+00 3.811518259977994649e+00
-6.385853542479924094e+00 4.459359729319102073e+00
-3.654385689025161099e+01 -4.111904983600197738e+01
2.466022410299401724e+00 -1.156414270791386656e+01
2.441661708733948721e+00 1.238297734286041951e+01
-7.423607935349275877e+00 7.196517469586265037e+00
-2.466078205923403388e+01 -3.351003742728993018e+01
1.051927258625241279e+01 1.406339795635344458e+01
-1.847405571826238102e+01 -1.722637181545069751e+01
2.963887301500919236e+01 2.449165244099868133e+01
-3.912055143286663483e+00 -9.586062600797459865e+00
-3.015613552887002058e+01 -2.029618951730017073e+01
4.557465811972055292e+01 2.157861343517661723e+01
-2.191418001716980157e+01 -1.348266176722660248e+01
-6.205457930967219760e-01 -1.139873528430906724e+01
-5.244995317731242324e+01 -4.088005165016492981e+01
1.097351269736038759e+01 6.173322173943921243e+00
-1.948404437473858408e+01 -6.157398064040520147e+00
-3.584660272892615041e+01 -2.800888032865007560e+01
2.343466373667755320e+01 1.593426834053467189e+01
-1.094490725983868096e+01 1.441040967900318437e+00
-4.115611115455206459e+01 -2.847699178998104941e+01
1.222695157335602723e+01 -5.321302001539143234e+00
-1.107073415837650643e+01 -1.203027655010161467e+01
1.017235368199827050e+01 1.520162901302654213e+01
2.010886785226829687e+01 2.160290128299279289e+01
-5.390989540141698910e+01 -6.491795256604254405e+01
2.156195693032001159e+01 2.862732806995964552e+01
-3.635672535111152825e+01 -4.236986973312006910e+01
1.477148512937777625e+01 1.482804518431979979e+01
-2.501881352574598694e+01 -2.673916854469597837e+01
1.050856079069571791e+01 1.898011969697465062e+01
1.495630417969612935e+01 1.986279900273590826e+01
-1.353386925778110239e+01 -1.767747264306010990e+01
-1.286325578293846306e+01 -1.391403732645031255e+01
-1.202385420671959748e+00 9.208938276644422771e+00
1.030879777698504896e+01 1.977003663981444559e+00
-1.312504785244399841e+00 -6.968857165241389318e+00
-3.738296792322906903e+00 -1.160441979767819376e+01
-8.155751953927206088e+00 -9.159802919994401549e+00
-6.043957584030825281e+00 -2.495824738353996963e+01
-3.135277475250555312e+01 -1.734371381633176767e+01
-3.113127882896193466e+00 -3.780115089406290707e-01
-3.110799068409980350e+01 -2.729498912363206031e+01
-5.322143920863214106e+01 -7.304045436150890680e+01
-3.741204248169930935e+01 -3.028305619164045481e+01
-1.072509509888928392e+01 -2.189622420370559652e+00
-5.937294901208042042e+00 -4.304567275941721949e-01
-7.902652374356639031e-01 -6.376805401094489678e-01
-6.922592346920225737e+01 -6.505826029632946472e+01
1.683595289186713018e+01 5.176869848616524550e+00
7.934226333010241383e+00 3.291375854426841219e+00
2.346281605408255899e+01 2.307497137209611182e+01
-1.384037845352369622e+01 -9.119554681888905279e+00
-2.774334364953679355e+01 -1.686926933859763622e+01
-3.014044110088122963e+01 -3.792595540458343351e+01
2.888375051007613692e+01 1.967782770558384442e+01
4.550675882050825294e+00 -5.293986468060259298e+00
-7.559696560293106771e+00 -1.146523869946359220e+01
-6.705584191731778887e+00 6.814003280949101793e+00
-1.091988078587323230e+01 -3.786927540282412963e+00
5.434706564722345534e-02 -1.146079244270576503e+01
3.459022030545256143e+01 3.535342794458183135e+01
1.933639388791123892e+01 2.104860006474156719e+01
-3.971835743056212209e+01 -4.820242504743825407e+01
4.953892687623650204e+00 3.128740527806073146e+00
-3.342906801940261374e+01 -3.135162794152341803e+01
4.214604377481487774e+01 3.865137779915129812e+01
-2.258194260327083924e+00 1.664755322860629505e+01
-9.795966439179345286e+00 1.641723998558528352e+00
1.117089989933003835e+01 2.291501369370903429e+00
-4.265519122424339571e+01 -4.304316508167997313e+01
1.773816288557287013e+00 1.373717082126300726e+00
-2.519250780806979151e+01 -2.926119596059633210e+01
2.135817349651932417e+01 3.545180468132313933e+01
2.039990516743717208e+01 4.276627733232118977e+00
5.365090753582639138e+01 5.549057212231860348e+01
-4.499352446058257016e+00 -1.814458478396360164e+01
-1.152711521487603541e+01 1.398389455474147391e+00
2.469918022464060314e+01 1.374527843818014716e+01
1.686844646420424354e+01 2.060724895791387112e+01
-1.070757331480976049e+01 -2.000325982296116223e+01
-3.477234982489557069e+01 -2.563477757148173453e+01
-3.381367399767131854e+00 4.468577890606297842e+00
-1.968449072376465026e+01 -1.986666310402498326e+01
-1.782020216196167439e+01 -4.895060016896955801e+00
-9.906257624728610267e+00 -1.728133952260424522e+01
-2.423059723464034576e+01 -1.262044435001568488e+01
7.564425542272561920e+00 1.653491214570937373e+01
-1.155688768398898336e+00 -1.837556333045168699e+01
-6.298714752320483257e+01 -6.457722413583633170e+01
-1.767429137050598120e+00 1.725333575921185059e+01
-4.782932369799204508e+01 -4.048417450339512413e+01
2.195189030382205786e+01 1.630402118426138802e+00
3.104800567330539707e+01 3.048612522680309667e+01
2.518803974649364363e+01 3.838688500108985124e+01
9.560658866466337003e+00 -3.969889704616145210e+00
1.093128702632082927e+01 9.834446159906965690e+00
-9.624756142696286432e+00 -9.478228161005121777e+00
1.023322784033371136e+01 1.189972578154675631e+01
-2.022609887824285124e+01 -2.953315903018510369e+01
-1.073510519396412555e+01 -1.384511779341666049e+01
-1.195019278047109346e+01 -1.017900174768403510e+01
-3.508812690366297460e+01 -3.052517491573723873e+01
6.858500468155699359e+00 -3.083954706949549429e+00
4.025611443746385021e+01 3.154008819222783799e+01
3.843031527599379871e+01 4.220828847670892259e+01
2.498948062766335099e+01 1.302830830714446186e+01
-1.119426799395173511e+01 -2.684258356049152638e+01
9.371066806722280873e+00 2.165761167341191751e+01
-9.170141930250403917e+00 -1.841483877404648695e+01
-1.024897418325207532e+01 8.247656069198592732e+00
8.081584652799737256e+00 2.360979763508923135e+00
-1.197274879465584263e+01 -1.672511532254334554e+01
-1.384403676824861229e+01 -2.387869282599369924e+01
-1.705475452109808998e+01 -1.672821347048060758e+01
7.537698140716243778e+00 1.231680886556383747e+01
2.420184633273164110e+01 2.993617013416938022e+01
-3.603290952771277755e+00 -8.199435590911264171e+00
4.638615756630967013e+01 4.577139190861564089e+01
-4.875489233791532762e+00 2.862080378614300979e+00
2.633327118681250312e+01 1.849094994352400434e+01
-1.572842380138001239e+01 -1.974140921093869494e+01
1.424642620694856987e+01 2.356263740509669802e+01
3.863291149935457014e+01 1.539183588602975838e+01
-3.590992198383930134e+00 -2.648799673124274445e+00
5.436977376160050390e+00 1.314390983651143507e+01
2.263957195050892679e+01 1.988076198849489273e+01
1.121821359011921970e+01 4.446988550204863166e+00
7.572463344988106249e-01 -2.024459786925762828e+01
-2.708926765047946006e+01 -2.763564820509476760e+01
-1.162380529847820920e+00 -8.301100295490558167e+00
2.949788441817029039e+01 2.679149372459576384e+01
2.391681206850779873e+01 2.790696474282551520e+01
-3.554867399947199402e+01 -3.587652801193631547e+01
-1.151831448230389476e+01 6.488500747986837069e+00
-7.387589198537309443e+00 -5.660008507224916635e-02
-4.460555979364076329e+00 -1.027170711800261493e+01
-2.420444234006073714e+01 -4.581928574309711344e+00
4.742984417429040889e+01 3.652412510029606096e+01
8.791680366772519406e+00 -2.255376845953647624e+00
-6.748689158503560215e+00 -4.156820064613769183e+00
1.500970839553477987e+01 1.234110408782094659e+00
-9.456790759547162750e+00 -1.158283514347446008e+01
-1.780739621695804331e+01 -3.790526600062197105e+01
-2.742320893703715790e+00 -4.457513118221293702e+00
-1.956280023228309872e+01 -1.466690632494976398e+01
-2.212952797992971909e+01 -2.062604340294767979e+01
1.168254532841178417e+01 3.630979088140517508e+00
1.185199073685754634e+01 1.096072495104374234e+01
3.079651186660399631e+01 4.066632381430414966e+01
3.986927220426323970e+01 3.106284392956455775e+01
-2.732401248682384320e+01 -1.692746327887905267e+01
-1.060018977609546553e+01 -4.306246584789807486e+00
-2.138720970665882248e+01 -4.015898479921466091e+00
3.141295679676115427e+01 3.048799969511106056e+01
3.574198590986204493e+01 2.973999534898514696e+01
2.336553996553455548e+01 2.526155053590037625e+01
1.252377444738627865e+01 6.145390284812739523e+00
-3.133296294431033857e+01 -3.649972997077971115e+01
1.677830081165433995e+01 3.144048619589494109e+01
-1.914520110554797228e+01 -1.253877660601434840e+01
-5.459216174697532509e+00 4.469760754674658720e+00
1.169751813824031395e+01 2.509168825420885263e+00
-1.230929294947593888e+01 -2.694068802125150697e+01
1.081798099422485837e+00 1.869110018520395045e+01
1.536030455648548099e+01 6.004727547051412095e+00
1.382256178961236337e+01 3.034168325311821235e+01
-3.239377785036641910e+01 -3.586617041876043999e+01
-8.813303631026869311e+00 -3.117578575749931247e+00
2.585596944967410593e+01 2.676376904832268977e+01
-1.056459154032224390e+01 -1.746777656197850703e+01
3.252200444984788419e+01 4.017819349881573032e+01
-2.048163826037850299e+01 -2.381015627895191500e+01
-4.554710718249524781e+00 -1.061402225583107217e+01
-3.031963221900602079e+01 -1.490929176314311100e+01
-3.092517745277678198e+00 4.495726486937143385e+00
3.290330064188438541e+01 3.077635468448796274e+01
-5.407378633889372566e+01 -6.032277700992178637e+01
1.746294874684135134e+00 -1.103128981573027900e+01
-1.351074669936497230e+01 -1.649825455159957954e+01
-2.247300928152385069e+01 -1.957365979063649419e+01
-3.823807436673739346e+01 -3.722074858918396956e+01
-1.559192514366823978e+01 -2.750389123666419167e+01
-3.388970811963091023e+01 -2.600529685766426269e+01
3.509175040698240622e+01 2.306261978501804677e+01
-2.034482502518531355e+00 -6.468197788470534171e+00
3.940078030701982037e+00 1.171836868200545112e+00
1.222044034436605209e+01 2.131439032526093413e+01
1.835194146326852760e+01 2.431614049809275713e+01
1.876010265796709042e+00 -3.574992948776227752e+00
-3.650597461918248854e+01 -3.114339851878859733e+01
-1.705855095581051728e+01 -1.047508554042165763e+01
-1.958921867217037160e+01 -2.497052882253258943e+01
-1.708670969623308977e+01 -2.990546558522736120e+01
-1.095741856712559148e+01 -1.782072882116425561e+01
-5.715770076566085045e+00 -3.733270110807180409e+00
6.069190977354667282e+00 2.004549307071258557e+00
1.128884586857997974e+01 -8.959250502187752208e-01
-1.266416474952965032e+01 -3.700524672703782159e+01
-2.002641030731991734e+01 -2.699200341785462953e+01
2.271774095506652991e+00 4.136731331607822248e+00
2.758500783518368493e+01 2.562966609650050742e+01
-4.935369430944221136e+01 -3.248018043538757382e+01
-1.775630447596110884e+01 -2.641644018298704566e+01
-5.135016690090238711e+01 -4.380058278930540183e+01
-8.726956840308751850e+00 1.565294359809284552e+00
-6.412053558550782384e+01 -6.577948880159810585e+01
2.584610412403367263e+01 1.400407015566007196e+01
3.062176645847776513e+01 1.783614578736277778e+01
-5.236068141957266420e+01 -6.115090263242393576e+01
-8.717232410055807179e+00 -1.943993852314064696e+01
-3.191808793960259649e+01 -3.504902180127871958e+01
4.120262670407248606e+01 3.997917080994824346e+01
7.638483675401617212e+00 5.968274990164204041e+00
-4.088623929575565974e+00 -1.074715029026772584e+01
-9.635216820780046376e+00 -9.403578672981273812e+00
8.426627600235403470e-01 7.584315847257140142e+00
7.404827077691411574e+00 2.240684303603627914e+00
6.941454551613727375e+00 9.467307663368814019e+00
-3.205661601511226166e+01 -2.000462886537391327e+01
-2.437913230345511906e+01 -1.496848874063227441e+01
-3.380018573337784993e+00 1.128052804459204772e+01
1.423344424741058134e+01 3.290133305884516801e+00
-1.073248827787512027e+01 -1.278006061315685749e+01
-1.767830085621855618e+00 -3.433855913003049931e+00
1.854079179519155929e+01 1.762541150742165996e+01
-3.404401904761358111e+01 -2.419725960023928835e+01
-1.699631074588030444e+01 -2.449685399853757417e+01
-1.113453987384905730e+01 -2.361569852689505566e+01
-2.254629778362344794e+01 -2.961015397666825777e+01
-2.633128941305771420e+01 -3.578715698728018424e+01
4.741528569738628462e+00 1.042713535627282262e+01
-9.141980659034310008e+00 -4.156830994538682766e+00
-4.409484524933161254e+01 -4.654972502244486776e+01
-4.542980030689922444e+01 -5.721668492534360695e+01
1.138418031979710321e+01 2.175313532738505984e+01
2.475864975169892546e+01 1.468822113513937921e+01
-1.850345434211425655e+01 -1.831106024666253163e+01
1.606830507288413656e+01 2.357732080130103469e+01
-2.883084865797228602e+01 -3.128060921051490695e+01
-2.872877062809280346e+01 -4.191183798596856747e+01
-3.713497207580322623e+01 -4.482910730543638778e+01
-9.858387460501074173e+00 -3.815542832359716030e+00
2.025525068920511540e+00 1.516520674841679828e+01
3.957985710627254150e+01 4.237311545727912687e+01
-8.394006692029345018e+00 -2.980612377311744776e+00
-3.492916600354959655e+01 -1.645760894001579189e+01
-8.194008424549092950e+00 -5.827304257078143479e+00
-4.972683123710199737e+01 -4.476382353779803935e+01
-1.370494074021078035e+01 -7.676335524927539566e+00
-2.523322466951601584e+01 -3.341035331413358733e+01
6.019038451737555562e+01 5.983003103005073342e+01
-3.837161484170113823e+00 -7.382124196356168788e+00
-2.523049081198888288e+01 -2.025621237429196952e+01
2.246849490795516502e+01 2.171507678917095063e+01
5.222398146726829893e+00 1.918133554143374653e+01
4.259815251669460068e+00 -2.123401388671230516e-01
-8.721623373373041943e+00 -8.273363178789605143e+00
2.164661755836223378e+01 2.519192584915557021e+01
