1.000000000000000000e+02 2.425564844835629688e+13
3.002004008016032230e+02 3.345936630417110547e+13
5.004008016032063892e+02 3.834953329682196094e+13
7.006012024048095554e+02 4.166433570171993750e+13
9.008016032064127785e+02 4.412296117408491406e+13
1.101002004008016002e+03 4.603463974809705469e+13
1.301202404809619111e+03 4.756371077629910938e+13
1.501402805611222448e+03 4.880898192678083594e+13
1.701603206412825557e+03 4.983492278982910938e+13
1.901803607214428666e+03 5.068613191976917969e+13
2.102004008016032003e+03 5.139485012687608594e+13
2.302204408817635340e+03 5.198520005115926562e+13
2.502404809619238222e+03 5.247573573555585938e+13
2.702605210420841559e+03 5.288105543804577344e+13
2.902805611222444895e+03 5.321286494819804688e+13
3.103006012024047777e+03 5.348070291114064062e+13
3.303206412825651114e+03 5.369245016394688281e+13
3.503406813627254451e+03 5.385469652865150000e+13
3.703607214428857333e+03 5.397301050083910156e+13
3.903807615230460669e+03 5.405214146010096094e+13
4.104008016032064006e+03 5.409617367760647656e+13
4.304208416833666888e+03 5.410864559007532031e+13
4.504408817635270680e+03 5.409264314085006250e+13
4.704609218436873562e+03 5.405087387745197656e+13
4.904809619238476444e+03 5.398572636159002344e+13
5.105010020040080235e+03 5.389931823019709375e+13
5.305210420841683117e+03 5.379353549457105469e+13
5.505410821643285999e+03 5.367006494532552344e+13
5.705611222444889790e+03 5.353042097444769531e+13
5.905811623246492672e+03 5.337596804062286719e+13
6.106012024048095554e+03 5.320793957430059375e+13
6.306212424849699346e+03 5.302745392485657812e+13
6.506412825651302228e+03 5.283552798238021094e+13
6.706613226452905110e+03 5.263308886604835156e+13
6.906813627254508901e+03 5.242098388530811719e+13
7.107014028056111783e+03 5.219998920222163281e+13
7.307214428857714665e+03 5.197081733360662500e+13
7.507414829659318457e+03 5.173412370465340625e+13
7.707615230460921339e+03 5.149051231424706250e+13
7.907815631262524221e+03 5.124054077100422656e+13
8.108016032064128012e+03 5.098472476144493750e+13
8.308216432865730894e+03 5.072354189405289062e+13
8.508416833667333776e+03 5.045743517600188281e+13
8.708617234468936658e+03 5.018681608778187500e+13
8.908817635270541359e+03 4.991206732390427344e+13
9.109018036072144241e+03 4.963354524250562500e+13
9.309218436873747123e+03 4.935158210833976562e+13
9.509418837675350005e+03 4.906648787934913281e+13
9.709619238476952887e+03 4.877855224964664062e+13
9.909819639278555769e+03 4.848804607858629688e+13
1.011002004008016047e+04 4.819522288090894531e+13
1.031022044088176335e+04 4.790032013910436719e+13
1.051042084168336623e+04 4.760356049485994531e+13
1.071062124248496912e+04 4.730515283279646875e+13
1.091082164328657200e+04 4.700529326797768750e+13
1.111102204408817488e+04 4.670416604733034375e+13
1.131122244488977958e+04 4.640194443224351562e+13
1.151142284569138246e+04 4.609879122678451562e+13
1.171162324649298534e+04 4.579485980015715625e+13
1.191182364729458823e+04 4.549029450866284375e+13
1.211202404809619111e+04 4.518523133283339844e+13
1.231222444889779399e+04 4.487979841637317188e+13
1.251242484969939869e+04 4.457411656331503906e+13
1.271262525050100157e+04 4.426829969720655469e+13
1.291282565130260446e+04 4.396245528577223438e+13
1.311302605210420734e+04 4.365668473411745312e+13
1.331322645290581022e+04 4.335108374923606250e+13
1.351342685370741492e+04 4.304574271189985938e+13
1.371362725450901780e+04 4.274074689616506250e+13
1.391382765531062068e+04 4.243617681205163281e+13
1.411402805611222357e+04 4.213210856005386719e+13
1.431422845691382645e+04 4.182861398029782031e+13
1.451442885771542933e+04 4.152576092219576562e+13
1.471462925851703403e+04 4.122361346540903125e+13
1.491482965931863691e+04 4.092223212637546094e+13
1.511503006012023980e+04 4.062167405149742969e+13
1.531523046092184268e+04 4.032199319803646094e+13
1.551543086172344556e+04 4.002324050359947656e+13
1.571563126252504844e+04 3.972546404510827344e+13
1.591583166332665314e+04 3.942870918799323438e+13
1.611603206412825602e+04 3.913301872633272656e+13
1.631623246492985891e+04 3.883843309957661719e+13
1.651643286573146179e+04 3.854499018346318750e+13
1.671663326653306649e+04 3.825272589624884375e+13
1.691683366733466755e+04 3.796167398851837500e+13
1.711703406813627225e+04 3.767186622528889062e+13
1.731723446893787332e+04 3.738333248370895312e+13
1.751743486973947802e+04 3.709610084529155469e+13
1.771763527054108272e+04 3.681019768300679688e+13
1.791783567134268378e+04 3.652564774360053125e+13
1.811803607214428848e+04 3.624247422542904688e+13
1.831823647294588955e+04 3.596069885208891406e+13
1.851843687374749425e+04 3.568034194214633594e+13
1.871863727454909531e+04 3.540142247515223438e+13
1.891883767535070001e+04 3.512395815422610547e+13
1.911903807615230471e+04 3.484796546538667188e+13
1.931923847695390577e+04 3.457345983371977344e+13
1.951943887775551048e+04 3.430045528413605469e+13
1.971963927855711154e+04 3.402896507122528516e+13
1.991983967935871624e+04 3.375900134768407031e+13
2.012004008016032094e+04 3.349057530354960156e+13
2.032024048096192200e+04 3.322369720974543359e+13
2.052044088176352670e+04 3.295837645952595703e+13
2.072064128256512777e+04 3.269462160789739844e+13
2.092084168336673247e+04 3.243244040917410156e+13
2.112104208416833717e+04 3.217183985272543750e+13
2.132124248496993823e+04 3.191282619705787891e+13
2.152144288577154293e+04 3.165540500229123438e+13
2.172164328657314400e+04 3.139958116113330859e+13
2.192184368737474870e+04 3.114535892841012500e+13
2.212204408817634976e+04 3.089274194927927344e+13
2.232224448897795446e+04 3.064173328612545312e+13
2.252244488977955916e+04 3.039233549997680078e+13
2.272264529058116022e+04 3.014455051387381641e+13
2.292284569138276493e+04 2.989837973075680469e+13
2.312304609218436599e+04 2.965382418290898438e+13
2.332324649298597069e+04 2.941088438223214844e+13
2.352344689378757539e+04 2.916956039591705469e+13
2.372364729458917645e+04 2.892985186606536719e+13
2.392384769539078115e+04 2.869175802845787500e+13
2.412404809619238222e+04 2.845527773051375781e+13
2.432424849699398692e+04 2.822040944850124609e+13
2.452444889779558798e+04 2.798715130400150781e+13
2.472464929859719268e+04 2.775550107970248438e+13
2.492484969939879738e+04 2.752545623450808594e+13
2.512505010020039845e+04 2.729701391803229688e+13
2.532525050100200315e+04 2.707017098450379297e+13
2.552545090180360421e+04 2.684492400607058203e+13
2.572565130260520891e+04 2.662126928558519922e+13
2.592585170340681361e+04 2.639920286885785938e+13
2.612605210420841468e+04 2.617872055641376172e+13
2.632625250501001938e+04 2.595981804544982812e+13
2.652645290581162044e+04 2.574249042449293750e+13
2.672665330661322514e+04 2.552673294856617578e+13
2.692685370741482984e+04 2.531254054546758594e+13
2.712705410821643090e+04 2.509990794979473438e+13
2.732725450901803561e+04 2.488882971214353125e+13
2.752745490981963667e+04 2.467930020795956641e+13
2.772765531062124137e+04 2.447131364604041797e+13
2.792785571142284243e+04 2.426486407669335156e+13
2.812805611222444713e+04 2.405994539959604688e+13
2.832825651302605183e+04 2.385655137133096875e+13
2.852845691382765290e+04 2.365467561264089453e+13
2.872865731462925760e+04 2.345431161540474219e+13
2.892885771543085866e+04 2.325545274934248047e+13
2.912905811623246336e+04 2.305809226845965625e+13
2.932925851703406806e+04 2.286222331725288672e+13
2.952945891783566913e+04 2.266783893667410156e+13
2.972965931863727383e+04 2.247493206986834375e+13
2.992985971943887489e+04 2.228349556769022656e+13
3.013006012024047959e+04 2.209352219402811328e+13
3.033026052104208065e+04 2.190500463090147266e+13
3.053046092184368536e+04 2.171793563609105859e+13
3.073066132264529006e+04 2.153230744360098047e+13
3.093086172344689112e+04 2.134811266504269531e+13
3.113106212424849582e+04 2.116534370235737500e+13
3.133126252505009688e+04 2.098399289843088672e+13
3.153146292585170158e+04 2.080405254115286328e+13
3.173166332665330629e+04 2.062551486733929297e+13
3.193186372745490735e+04 2.044837206647566406e+13
3.213206412825651205e+04 2.027261628435426172e+13
3.233226452905811311e+04 2.009823962655685547e+13
3.253246492985971781e+04 1.992523416181060547e+13
3.273266533066132251e+04 1.975359192521934375e+13
3.293286573146292358e+04 1.958330492137482031e+13
3.313306613226452464e+04 1.941436512735578125e+13
3.333326653306613298e+04 1.924676449560022266e+13
3.353346693386773404e+04 1.908049495669181641e+13
3.373366733466933510e+04 1.891554842202162891e+13
3.393386773547094344e+04 1.875191678636474609e+13
3.413406813627254451e+04 1.858959193035175781e+13
3.433426853707414557e+04 1.842856572285337500e+13
3.453446893787574663e+04 1.826883002326647266e+13
3.473466933867735497e+04 1.811037668372437891e+13
3.493486973947895603e+04 1.795319755122161328e+13
3.513507014028055710e+04 1.779728464686495312e+13
3.533527054108216544e+04 1.764262946557132422e+13
3.553547094188376650e+04 1.748922402169244922e+13
3.573567134268536756e+04 1.733706016131419141e+13
3.593587174348696863e+04 1.718612973484315820e+13
3.613607214428857696e+04 1.703642459868609570e+13
3.633627254509017803e+04 1.688793661686591211e+13
3.653647294589177909e+04 1.674065766257659961e+13
3.673667334669338743e+04 1.659457961967395703e+13
3.693687374749498849e+04 1.644969438411297070e+13
3.713707414829658956e+04 1.630599386532633984e+13
3.733727454909819062e+04 1.616346998754904102e+13
3.753747494989979896e+04 1.602211469108656836e+13
3.773767535070140002e+04 1.588191993354019727e+13
3.793787575150300108e+04 1.574287769098253125e+13
3.813807615230460942e+04 1.560497995907215234e+13
3.833827655310621049e+04 1.546821875414605078e+13
3.853847695390781155e+04 1.533258611424169922e+13
3.873867735470941989e+04 1.519807410010191016e+13
3.893887775551102095e+04 1.506467479611556055e+13
3.913907815631262201e+04 1.493238031124175977e+13
3.933927855711422308e+04 1.480118277986860938e+13
3.953947895791583142e+04 1.467107436265978906e+13
3.973967935871743248e+04 1.454204724735120898e+13
3.993987975951903354e+04 1.441409384785488281e+13
4.014008016032064188e+04 1.428720601811488086e+13
4.034028056112224294e+04 1.416137622360045703e+13
4.054048096192384401e+04 1.403659676766536523e+13
4.074068136272544507e+04 1.391285998424180273e+13
4.094088176352705341e+04 1.379015823844765234e+13
4.114108216432865447e+04 1.366848392715715234e+13
4.134128256513025553e+04 1.354782947957117578e+13
4.154148296593186387e+04 1.342818735772482617e+13
4.174168336673346494e+04 1.330955005700003125e+13
4.194188376753506600e+04 1.319191010659613477e+13
4.214208416833667434e+04 1.307526006998437305e+13
4.234228456913827540e+04 1.295959254533618750e+13
4.254248496993987646e+04 1.284490016592652930e+13
4.274268537074147753e+04 1.273117560051980078e+13
4.294288577154308587e+04 1.261841155373751953e+13
4.314308617234468693e+04 1.250660076639182812e+13
4.334328657314628799e+04 1.239573601582169336e+13
4.354348697394789633e+04 1.228581011618975195e+13
4.374368737474949739e+04 1.217681591876867188e+13
4.394388777555109846e+04 1.206874631221404492e+13
4.414408817635269952e+04 1.196159422280840430e+13
4.434428857715430786e+04 1.185535261470905078e+13
4.454448897795590892e+04 1.175001449015388477e+13
4.474468937875750999e+04 1.164557288967036719e+13
4.494488977955911832e+04 1.154202089226860156e+13
4.514509018036071939e+04 1.143935183916772070e+13
4.534529058116232045e+04 1.133755844616115039e+13
4.554549098196392879e+04 1.123663412596447461e+13
4.574569138276552985e+04 1.113657211310601172e+13
4.594589178356713091e+04 1.103736568131951953e+13
4.614609218436873198e+04 1.093900814367284961e+13
4.634629258517034032e+04 1.084149285264099219e+13
4.654649298597194138e+04 1.074481320020719922e+13
4.674669338677354244e+04 1.064896261793112500e+13
4.694689378757515078e+04 1.055393457701751172e+13
4.714709418837675184e+04 1.045972258835732031e+13
4.734729458917835291e+04 1.036632020258885547e+13
4.754749498997995397e+04 1.027372101011407812e+13
4.774769539078156231e+04 1.018191864113608203e+13
4.794789579158316337e+04 1.009090676566615820e+13
4.814809619238476444e+04 1.000067909353753906e+13
4.834829659318637277e+04 9.911229374395988281e+12
4.854849699398797384e+04 9.822551397693244141e+12
4.874869739478957490e+04 9.734638992674523438e+12
4.894889779559117596e+04 9.647486028345515625e+12
4.914909819639278430e+04 9.561086413448970703e+12
4.934929859719438537e+04 9.475434096411111328e+12
4.954949899799598643e+04 9.390523065312384766e+12
4.974969939879759477e+04 9.306347347823275391e+12
4.994989979959919583e+04 9.222901011154628906e+12
5.015010020040079689e+04 9.140178161980974609e+12
5.035030060120240523e+04 9.058172946375435547e+12
5.055050100200400630e+04 8.976879549739884766e+12
5.075070140280560736e+04 8.896292451211332031e+12
5.095090180360720842e+04 8.816405412111994141e+12
5.115110220440881676e+04 8.737212983424464844e+12
5.135130260521041782e+04 8.658709506968177734e+12
5.155150300601201889e+04 8.580889363433355469e+12
5.175170340681362723e+04 8.503746972264529297e+12
5.195190380761522829e+04 8.427276791547428711e+12
5.215210420841682935e+04 8.351473317907853516e+12
5.235230460921843041e+04 8.276331086381201172e+12
5.255250501002003875e+04 8.201844670291802734e+12
5.275270541082163982e+04 8.128008681133032227e+12
5.295290581162324088e+04 8.054817768434627930e+12
5.315310621242484922e+04 7.982266619619076172e+12
5.335330661322645028e+04 7.910349959886204102e+12
5.355350701402805134e+04 7.839062552056173828e+12
5.375370741482965968e+04 7.768399196433810547e+12
5.395390781563126075e+04 7.698354730662518555e+12
5.415410821643286181e+04 7.628924029581176758e+12
5.435430861723446287e+04 7.560102005060579102e+12
5.455450901803607121e+04 7.491883605866543945e+12
5.475470941883767227e+04 7.424263817490364258e+12
5.495490981963927334e+04 7.357237662001676758e+12
5.515511022044088168e+04 7.290800197883061523e+12
5.535531062124248274e+04 7.224946519866170898e+12
5.555551102204408380e+04 7.159671758770038086e+12
5.575571142284568487e+04 7.094971081340313477e+12
5.595591182364729320e+04 7.030839690070920898e+12
5.615611222444889427e+04 6.967272823045935547e+12
5.635631262525049533e+04 6.904266034391034180e+12
5.655651302605210367e+04 6.841814078043330078e+12
5.675671342685370473e+04 6.779912572108088867e+12
5.695691382765530579e+04 6.718556895281740234e+12
5.715711422845690686e+04 6.657742460978624023e+12
5.735731462925851520e+04 6.597464717145258789e+12
5.755751503006011626e+04 6.537719146093239258e+12
5.775771543086171732e+04 6.478501264305898438e+12
5.795791583166332566e+04 6.419806622268743164e+12
5.815811623246492672e+04 6.361630804279221680e+12
5.835831663326652779e+04 6.303969428269553711e+12
5.855851703406813613e+04 6.246818145619139648e+12
5.875871743486973719e+04 6.190172640973483398e+12
5.895891783567133825e+04 6.134028632055798828e+12
5.915911823647293932e+04 6.078381869482953125e+12
5.935931863727454765e+04 6.023228136579588867e+12
5.955951903807614872e+04 5.968563249192833008e+12
5.975971943887774978e+04 5.914383055499583008e+12
5.995991983967935812e+04 5.860683435825173828e+12
6.016012024048095918e+04 5.807460302452604492e+12
6.036032064128256025e+04 5.754709599432730469e+12
6.056052104208416131e+04 5.702427302397285156e+12
6.076072144288576965e+04 5.650609418371364258e+12
6.096092184368737071e+04 5.599251985582135742e+12
6.116112224448897177e+04 5.548351073272294922e+12
6.136132264529058011e+04 5.497902781504522461e+12
6.156152304609218118e+04 5.447903240983100586e+12
6.176172344689378224e+04 5.398348612850695312e+12
6.196192384769539058e+04 5.349235241220296875e+12
6.216212424849699164e+04 5.300559200859236328e+12
6.236232464929859270e+04 5.252316584902063477e+12
6.256252505010019377e+04 5.204503826719783203e+12
6.276272545090180211e+04 5.157117236850007812e+12
6.296292585170340317e+04 5.110153155145670898e+12
6.316312625250500423e+04 5.063607950581103516e+12
6.336332665330661257e+04 5.017478021060495117e+12
6.356352705410821363e+04 4.971759793240674805e+12
6.376372745490981470e+04 4.926449722335783203e+12
6.396392785571141576e+04 4.881544291925667969e+12
6.416412825651302410e+04 4.837040013782144531e+12
6.436432865731462516e+04 4.792933427670296875e+12
6.456452905811622622e+04 4.749221101163964844e+12
6.476472945891783456e+04 4.705899629465519531e+12
6.496492985971943563e+04 4.662965635216466797e+12
6.516513026052103669e+04 4.620415768311225586e+12
6.536533066132264503e+04 4.578246705712884766e+12
6.556553106212423882e+04 4.536455151274558594e+12
6.576573146292584715e+04 4.495037835548863281e+12
6.596593186372745549e+04 4.453991515608441406e+12
6.616613226452904928e+04 4.413312974860161133e+12
6.636633266533065762e+04 4.372999022870100586e+12
6.656653306613226596e+04 4.333046495177353027e+12
6.676673346693385975e+04 4.293452253109613281e+12
6.696693386773546808e+04 4.254213183609114746e+12
6.716713426853707642e+04 4.215326199057011230e+12
6.736733466933867021e+04 4.176788237083009277e+12
6.756753507014027855e+04 4.138596260391717773e+12
6.776773547094188689e+04 4.100747594258017090e+12
6.796793587174348067e+04 4.063238582139221191e+12
6.816813627254508901e+04 4.026066592228651367e+12
6.836833667334668280e+04 3.989228685771956543e+12
6.856853707414829114e+04 3.952721948217912109e+12
6.876873747494989948e+04 3.916543489023521484e+12
6.896893787575149327e+04 3.880690441510462402e+12
6.916913827655310160e+04 3.845159962668318359e+12
6.936933867735470994e+04 3.809949232989988770e+12
6.956953907815630373e+04 3.775055456308252930e+12
6.976973947895791207e+04 3.740475859614835938e+12
6.996993987975952041e+04 3.706207692896370117e+12
7.017014028056111420e+04 3.672248228970879883e+12
7.037034068136272253e+04 3.638594763303010742e+12
7.057054108216433087e+04 3.605244613860710938e+12
7.077074148296592466e+04 3.572195120927053711e+12
7.097094188376753300e+04 3.539443646951853027e+12
7.117114228456914134e+04 3.506987576375360352e+12
7.137134268537073513e+04 3.474824315471127441e+12
7.157154308617234346e+04 3.442951292177864746e+12
7.177174348697393725e+04 3.411365955949204102e+12
7.197194388777554559e+04 3.380065777568949219e+12
7.217214428857715393e+04 3.349048249021517578e+12
7.237234468937874772e+04 3.318310883308488281e+12
7.257254509018035606e+04 3.287851214299123535e+12
7.277274549098196439e+04 3.257666796569377441e+12
7.297294589178355818e+04 3.227755205253375488e+12
7.317314629258516652e+04 3.198114399262183594e+12
7.337334669338677486e+04 3.168741274023813477e+12
7.357354709418836865e+04 3.139633822447144531e+12
7.377374749498997699e+04 3.110789700322731934e+12
7.397394789579158532e+04 3.082206583218786621e+12
7.417414829659317911e+04 3.053882166333179688e+12
7.437434869739478745e+04 3.025814164337910156e+12
7.457454909819638124e+04 2.998000311241666992e+12
7.477474949899798958e+04 2.970438360224589355e+12
7.497494989979959792e+04 2.943126083497569336e+12
7.517515030060119170e+04 2.916061272160655762e+12
7.537535070140280004e+04 2.889241736044943848e+12
7.557555110220440838e+04 2.862665303576451660e+12
7.577575150300600217e+04 2.836329821625332520e+12
7.597595190380761051e+04 2.810233155367405273e+12
7.617615230460921885e+04 2.784373188137762695e+12
7.637635270541081263e+04 2.758747821289254395e+12
7.657655310621242097e+04 2.733354974051328125e+12
7.677675350701402931e+04 2.708192583389476074e+12
7.697695390781562310e+04 2.683258603868639648e+12
7.717715430861723144e+04 2.658551007510219727e+12
7.737735470941883978e+04 2.634067783660923828e+12
7.757755511022043356e+04 2.609806938843475586e+12
7.777775551102204190e+04 2.585766496639049316e+12
7.797795591182363569e+04 2.561944497535544922e+12
7.817815631262524403e+04 2.538339384905504883e+12
7.837835671342685237e+04 2.514948466851431152e+12
7.857855711422844615e+04 2.491770213612806641e+12
7.877875751503005449e+04 2.468802731997444336e+12
7.897895791583166283e+04 2.446044145075121582e+12
7.917915831663325662e+04 2.423492592029733887e+12
7.937935871743486496e+04 2.401146228042533203e+12
7.957955911823647330e+04 2.379003224158241699e+12
7.977975951903806708e+04 2.357061767158414062e+12
7.997995991983967542e+04 2.335320059436512207e+12
8.018016032064128376e+04 2.313776318874449219e+12
8.038036072144287755e+04 2.292428778710980957e+12
8.058056112224448589e+04 2.271275687424860352e+12
8.078076152304609423e+04 2.250315308607725586e+12
8.098096192384768801e+04 2.229545920846644043e+12
8.118116232464929635e+04 2.208965817596227051e+12
8.138136272545089014e+04 2.188573307065433105e+12
8.158156312625249848e+04 2.168366712088542236e+12
8.178176352705410682e+04 2.148344370017823730e+12
8.198196392785570060e+04 2.128504632598311279e+12
8.218216432865730894e+04 2.108845865850083496e+12
8.238236472945891728e+04 2.089366449956980225e+12
8.258256513026051107e+04 2.070064779147031738e+12
8.278276553106211941e+04 2.050939670654710449e+12
8.298296593186372775e+04 2.031988734698437012e+12
8.318316633266532153e+04 2.013210809730607666e+12
8.338336673346692987e+04 1.994604345024719971e+12
8.358356713426853821e+04 1.976167803333654053e+12
8.378376753507013200e+04 1.957899660780872070e+12
8.398396793587174034e+04 1.939798406748185059e+12
8.418416833667334868e+04 1.921862543771232910e+12
8.438436873747494246e+04 1.904090587422894287e+12
8.458456913827655080e+04 1.886481066218467773e+12
8.478476953907814459e+04 1.869032521495227051e+12
8.498496993987975293e+04 1.851743507315792969e+12
8.518517034068136127e+04 1.834612590360247070e+12
8.538537074148295505e+04 1.817638349819392090e+12
8.558557114228456339e+04 1.800819377296435547e+12
8.578577154308617173e+04 1.784154276703240967e+12
8.598597194388776552e+04 1.767641664146611816e+12
8.618617234468937386e+04 1.751280167848866943e+12
8.638637274549098220e+04 1.735068428021736816e+12
8.658657314629257598e+04 1.719005096793254883e+12
8.678677354709418432e+04 1.703089266258899414e+12
8.698697394789579266e+04 1.687318762083681641e+12
8.718717434869738645e+04 1.671692693383714111e+12
8.738737474949899479e+04 1.656209758912403809e+12
8.758757515030060313e+04 1.640868668832029297e+12
8.778777555110219691e+04 1.625668144626604004e+12
8.798797595190380525e+04 1.610606919006311523e+12
8.818817635270539904e+04 1.595683735810770508e+12
8.838837675350700738e+04 1.580897349916722412e+12
8.858857715430861572e+04 1.566246527145246582e+12
8.878877755511020951e+04 1.551730044168560791e+12
8.898897795591181784e+04 1.537346688426213867e+12
8.918917835671342618e+04 1.523095258023921875e+12
8.938937875751501997e+04 1.508974561650058838e+12
8.958957915831662831e+04 1.494983418485409912e+12
8.978977955911823665e+04 1.481120658115480713e+12
8.998997995991983043e+04 1.467385120442017090e+12
9.019018036072143877e+04 1.453776099940016846e+12
9.039038076152304711e+04 1.440291574558470459e+12
9.059058116232464090e+04 1.426930852687914307e+12
9.079078156312624924e+04 1.413692814633729736e+12
9.099098196392785758e+04 1.400576350585106689e+12
9.119118236472945136e+04 1.387580360535880371e+12
9.139138276553105970e+04 1.374703754202655029e+12
9.159158316633265349e+04 1.361945450937295654e+12
9.179178356713426183e+04 1.349304379652133301e+12
9.199198396793587017e+04 1.336779478730991455e+12
9.219218436873746396e+04 1.324369695954362793e+12
9.239238476953907229e+04 1.312073988418310547e+12
9.259258517034068063e+04 1.299891322452569824e+12
9.279278557114227442e+04 1.287820673546037598e+12
9.299298597194388276e+04 1.275861255053561523e+12
9.319318637274549110e+04 1.264011837857397705e+12
9.339338677354708489e+04 1.252271189895658936e+12
9.359358717434869322e+04 1.240638551043990723e+12
9.379378757515030156e+04 1.229112941418982422e+12
9.399398797595189535e+04 1.217693389835274170e+12
9.419418837675350369e+04 1.206378933732635010e+12
9.439438877755509748e+04 1.195168619096184570e+12
9.459458917835670582e+04 1.184061500390679443e+12
9.479478957915831415e+04 1.173056640481898438e+12
9.499498997995990794e+04 1.162153110574263184e+12
9.519519038076151628e+04 1.151349990126438232e+12
9.539539078156312462e+04 1.140646839011258789e+12
9.559559118236471841e+04 1.130041814950888916e+12
9.579579158316632675e+04 1.119534487670291016e+12
9.599599198396793508e+04 1.109123968966376465e+12
9.619619238476952887e+04 1.098809378551665527e+12
9.639639278557113721e+04 1.088589843982328369e+12
9.659659318637274555e+04 1.078464500588658936e+12
9.679679358717433934e+04 1.068432491411483765e+12
9.699699398797594768e+04 1.058492967132956177e+12
9.719719438877755601e+04 1.048645566931446777e+12
9.739739478957914980e+04 1.038888501133712158e+12
9.759759519038075814e+04 1.029221417558749390e+12
9.779779559118235193e+04 1.019643496808915771e+12
9.799799599198396027e+04 1.010153926797925171e+12
9.819819639278556861e+04 1.000751902698938354e+12
9.839839679358716239e+04 9.914366268790660400e+11
9.859859719438877073e+04 9.822077965579851074e+11
9.879879759519037907e+04 9.730636592374248047e+11
9.899899799599197286e+04 9.640039198966152344e+11
9.919919839679358120e+04 9.550278090538519287e+11
9.939939879759518954e+04 9.461345641102161865e+11
9.959959919839678332e+04 9.373239199511646729e+11
9.979979959919839166e+04 9.285941526199294434e+11
1.000000000000000000e+05 9.199450041910491943e+11
