1.000000000000000000e+02 3.690994977925217969e+13
3.002004008016032230e+02 5.087999928812230469e+13
5.004008016032063892e+02 5.820991147815621094e+13
7.006012024048095554e+02 6.311567817076660156e+13
9.008016032064127785e+02 6.670326765345621094e+13
1.101002004008016002e+03 6.944874372061614844e+13
1.301202404809619111e+03 7.160539188412312500e+13
1.501402805611222448e+03 7.332565346663546875e+13
1.701603206412825557e+03 7.470908847365334375e+13
1.901803607214428666e+03 7.582463448353206250e+13
2.102004008016032003e+03 7.672217342918676562e+13
2.302204408817635340e+03 7.743906145046514062e+13
2.502404809619238222e+03 7.800405747826918750e+13
2.702605210420841559e+03 7.843980916612531250e+13
2.902805611222444895e+03 7.876449211842660938e+13
3.103006012024047777e+03 7.899292850065746875e+13
3.303206412825651114e+03 7.913737286889501562e+13
3.503406813627254451e+03 7.920807806483514062e+13
3.703607214428857333e+03 7.921371161334287500e+13
3.903807615230460669e+03 7.916166818917275000e+13
4.104008016032064006e+03 7.905830772632279688e+13
4.304208416833666888e+03 7.890913983130745312e+13
4.504408817635270680e+03 7.871896839431190625e+13
4.704609218436873562e+03 7.849200643155928125e+13
4.904809619238476444e+03 7.823196827891804688e+13
5.105010020040080235e+03 7.794214426607176562e+13
5.305210420841683117e+03 7.762546182754910938e+13
5.505410821643285999e+03 7.728453590705393750e+13
5.705611222444889790e+03 7.692171079198639062e+13
5.905811623246492672e+03 7.653909516947889062e+13
6.106012024048095554e+03 7.613859167626848438e+13
6.306212424849699346e+03 7.572192186401053125e+13
6.506412825651302228e+03 7.529064752151301562e+13
6.706613226452905110e+03 7.484618892805528125e+13
6.906813627254508901e+03 7.438984062051006250e+13
7.107014028056111783e+03 7.392278479145125000e+13
7.307214428857714665e+03 7.344610331272978125e+13
7.507414829659318457e+03 7.296078794193718750e+13
7.707615230460921339e+03 7.246774930696271875e+13
7.907815631262524221e+03 7.196782483515343750e+13
8.108016032064128012e+03 7.146178572864039062e+13
8.308216432865730894e+03 7.095034313313464062e+13
8.508416833667333776e+03 7.043415361020725000e+13
8.708617234468936658e+03 6.991382405206623438e+13
8.908817635270541359e+03 6.938991584741859375e+13
9.109018036072144241e+03 6.886294902307780469e+13
9.309218436873747123e+03 6.833340556308405469e+13
9.509418837675350005e+03 6.780173258023952344e+13
9.709619238476952887e+03 6.726834513759555469e+13
9.909819639278555769e+03 6.673362879597621094e+13
1.011002004008016047e+04 6.619794191896114844e+13
1.031022044088176335e+04 6.566161776254875781e+13
1.051042084168336623e+04 6.512496637325981250e+13
1.071062124248496912e+04 6.458827637045165625e+13
1.091082164328657200e+04 6.405181630752373438e+13
1.111102204408817488e+04 6.351583641993478125e+13
1.131122244488977958e+04 6.298056973928275000e+13
1.151142284569138246e+04 6.244623334661723438e+13
1.171162324649298534e+04 6.191302947741918750e+13
1.191182364729458823e+04 6.138114653674604688e+13
1.211202404809619111e+04 6.085076003313303125e+13
1.231222444889779399e+04 6.032203343890238281e+13
1.251242484969939869e+04 5.979511898368732031e+13
1.271262525050100157e+04 5.927015838727182812e+13
1.291282565130260446e+04 5.874728353717387500e+13
1.311302605210420734e+04 5.822661718205050000e+13
1.331322645290581022e+04 5.770827325512643750e+13
1.351342685370741492e+04 5.719235779064653125e+13
1.371362725450901780e+04 5.667896924827565625e+13
1.391382765531062068e+04 5.616819876902897656e+13
1.411402805611222357e+04 5.566013100323339844e+13
1.431422845691382645e+04 5.515484425681186719e+13
1.451442885771542933e+04 5.465241093025425000e+13
1.471462925851703403e+04 5.415289786954772656e+13
1.491482965931863691e+04 5.365636669387727344e+13
1.511503006012023980e+04 5.316287410189958594e+13
1.531523046092184268e+04 5.267247215821563281e+13
1.551543086172344556e+04 5.218520856151989844e+13
1.571563126252504844e+04 5.170112689580704688e+13
1.591583166332665314e+04 5.122026690572670312e+13
1.611603206412825602e+04 5.074266460291014844e+13
1.631623246492985891e+04 5.026835253993541406e+13
1.651643286573146179e+04 4.979736013568169531e+13
1.671663326653306649e+04 4.932971362146011719e+13
1.691683366733466755e+04 4.886543631668084375e+13
1.711703406813627225e+04 4.840454888868200781e+13
1.731723446893787332e+04 4.794706937807922656e+13
1.751743486973947802e+04 4.749301338310136719e+13
1.771763527054108272e+04 4.704239419511353906e+13
1.791783567134268378e+04 4.659522292645403906e+13
1.811803607214428848e+04 4.615150863105438281e+13
1.831823647294588955e+04 4.571125841831933594e+13
1.851843687374749425e+04 4.527447756069930469e+13
1.871863727454909531e+04 4.484116959532782812e+13
1.891883767535070001e+04 4.441133642012233594e+13
1.911903807615230471e+04 4.398497838467362500e+13
1.931923847695390577e+04 4.356209447322671094e+13
1.951943887775551048e+04 4.314268200478458594e+13
1.971963927855711154e+04 4.272673727257091406e+13
1.991983967935871624e+04 4.231425524824959375e+13
2.012004008016032094e+04 4.190522974184509375e+13
2.032024048096192200e+04 4.149965346732105469e+13
2.052044088176352670e+04 4.109751810479110156e+13
2.072064128256512777e+04 4.069881435949199219e+13
2.092084168336673247e+04 4.030353201777261719e+13
2.112104208416833717e+04 3.991166000020531250e+13
2.132124248496993823e+04 3.952318641203600000e+13
2.152144288577154293e+04 3.913809859106314844e+13
2.172164328657314400e+04 3.875638315314305469e+13
2.192184368737474870e+04 3.837802603539415625e+13
2.212204408817634976e+04 3.800301253728507812e+13
2.232224448897795446e+04 3.763132735966766406e+13
2.252244488977955916e+04 3.726295464188617188e+13
2.272264529058116022e+04 3.689787799707551562e+13
2.292284569138276493e+04 3.653608054572292188e+13
2.312304609218436599e+04 3.617754506338578125e+13
2.332324649298597069e+04 3.582225355448195312e+13
2.352344689378757539e+04 3.547018795650818750e+13
2.372364729458917645e+04 3.512132972348680859e+13
2.392384769539078115e+04 3.477565996166748047e+13
2.412404809619238222e+04 3.443315957411834766e+13
2.432424849699398692e+04 3.409380881223300781e+13
2.452444889779558798e+04 3.375758799714942578e+13
2.472464929859719268e+04 3.342447708147457812e+13
2.492484969939879738e+04 3.309445578319473828e+13
2.512505010020039845e+04 3.276750360518155469e+13
2.532525050100200315e+04 3.244359985373930078e+13
2.552545090180360421e+04 3.212272365627745312e+13
2.572565130260520891e+04 3.180485410727125391e+13
2.592585170340681361e+04 3.148996977434735547e+13
2.612605210420841468e+04 3.117804946885362500e+13
2.632625250501001938e+04 3.086907176305390625e+13
2.652645290581162044e+04 3.056301512678133594e+13
2.672665330661322514e+04 3.025985794062465234e+13
2.692685370741482984e+04 2.995957850845245312e+13
2.712705410821643090e+04 2.966215506935867188e+13
2.732725450901803561e+04 2.936756587746839453e+13
2.752745490981963667e+04 2.907578901252051953e+13
2.772765531062124137e+04 2.878680251342647656e+13
2.792785571142284243e+04 2.850058453549219922e+13
2.812805611222444713e+04 2.821711315378764062e+13
2.832825651302605183e+04 2.793636643903653125e+13
2.852845691382765290e+04 2.765832246604527734e+13
2.872865731462925760e+04 2.738295932172141016e+13
2.892885771543085866e+04 2.711025511267396094e+13
2.912905811623246336e+04 2.684018797245600781e+13
2.932925851703406806e+04 2.657273606843513672e+13
2.952945891783566913e+04 2.630787760831837109e+13
2.972965931863727383e+04 2.604559084634396484e+13
2.992985971943887489e+04 2.578585408917119141e+13
3.013006012024047959e+04 2.552864570144130859e+13
3.033026052104208065e+04 2.527394411107896094e+13
3.053046092184368536e+04 2.502172781428971484e+13
3.073066132264529006e+04 2.477197538031883984e+13
3.093086172344689112e+04 2.452466545593229688e+13
3.113106212424849582e+04 2.427977676967803516e+13
3.133126252505009688e+04 2.403728813589269531e+13
3.153146292585170158e+04 2.379717845851353906e+13
3.173166332665330629e+04 2.355942673465468750e+13
3.193186372745490735e+04 2.332401213767711328e+13
3.213206412825651205e+04 2.309091378643057031e+13
3.233226452905811311e+04 2.286011089390599219e+13
3.253246492985971781e+04 2.263158294019057422e+13
3.273266533066132251e+04 2.240530943528601172e+13
3.293286573146292358e+04 2.218126999991815625e+13
3.313306613226452464e+04 2.195944436787687500e+13
3.333326653306613298e+04 2.173981238819749219e+13
3.353346693386773404e+04 2.152235402721072266e+13
3.373366733466933510e+04 2.130704937044600391e+13
3.393386773547094344e+04 2.109387862440889844e+13
3.413406813627254451e+04 2.088282228919641406e+13
3.433426853707414557e+04 2.067386048272757031e+13
3.453446893787574663e+04 2.046697412113133984e+13
3.473466933867735497e+04 2.026214357146992188e+13
3.493486973947895603e+04 2.005934983389262500e+13
3.513507014028055710e+04 1.985857387144177734e+13
3.533527054108216544e+04 1.965979677735055078e+13
3.553547094188376650e+04 1.946299977595681641e+13
3.573567134268536756e+04 1.926816422353028125e+13
3.593587174348696863e+04 1.907527160901143750e+13
3.613607214428857696e+04 1.888430355467256250e+13
3.633627254509017803e+04 1.869524181670151562e+13
3.653647294589177909e+04 1.850806828571373828e+13
3.673667334669338743e+04 1.832276507794210938e+13
3.693687374749498849e+04 1.813931426842744922e+13
3.713707414829658956e+04 1.795769805909911328e+13
3.733727454909819062e+04 1.777789897145761328e+13
3.753747494989979896e+04 1.759989957352811719e+13
3.773767535070140002e+04 1.742368256945157422e+13
3.793787575150300108e+04 1.724923079954216406e+13
3.813807615230460942e+04 1.707652724033765039e+13
3.833827655310621049e+04 1.690555500455471875e+13
3.853847695390781155e+04 1.673629734103091211e+13
3.873867735470941989e+04 1.656873763461160547e+13
3.893887775551102095e+04 1.640285940598779297e+13
3.913907815631262201e+04 1.623864631150360156e+13
3.933927855711422308e+04 1.607608214291575586e+13
3.953947895791583142e+04 1.591515082712628711e+13
3.973967935871743248e+04 1.575583642587464844e+13
3.993987975951903354e+04 1.559812313539456250e+13
4.014008016032064188e+04 1.544199528604046680e+13
4.034028056112224294e+04 1.528743734189337500e+13
4.054048096192384401e+04 1.513443390031580859e+13
4.074068136272544507e+04 1.498296969150484570e+13
4.094088176352705341e+04 1.483302957800507812e+13
4.114108216432865447e+04 1.468459855419400000e+13
4.134128256513025553e+04 1.453766174575447461e+13
4.154148296593186387e+04 1.439220451178683789e+13
4.174168336673346494e+04 1.424821224586451172e+13
4.194188376753506600e+04 1.410567025781488867e+13
4.214208416833667434e+04 1.396456418736025391e+13
4.234228456913827540e+04 1.382487991052703320e+13
4.254248496993987646e+04 1.368660332849462305e+13
4.274268537074147753e+04 1.354972046946982812e+13
4.294288577154308587e+04 1.341421748799507617e+13
4.314308617234468693e+04 1.328008066426726758e+13
4.334328657314628799e+04 1.314729640342318359e+13
4.354348697394789633e+04 1.301585123483203711e+13
4.374368737474949739e+04 1.288573181134731250e+13
4.394388777555109846e+04 1.275692490858785742e+13
4.414408817635269952e+04 1.262941742417105078e+13
4.434428857715430786e+04 1.250319637695748633e+13
4.454448897795590892e+04 1.237824912636132812e+13
4.474468937875750999e+04 1.225456249770139453e+13
4.494488977955911832e+04 1.213212408274080469e+13
4.514509018036071939e+04 1.201092137756193359e+13
4.534529058116232045e+04 1.189094199557022070e+13
4.554549098196392879e+04 1.177217366669537891e+13
4.574569138276552985e+04 1.165460423658196484e+13
4.594589178356713091e+04 1.153822166577540820e+13
4.614609218436873198e+04 1.142301402890959570e+13
4.634629258517034032e+04 1.130896951387770703e+13
4.654649298597194138e+04 1.119607653600598242e+13
4.674669338677354244e+04 1.108432339738804688e+13
4.694689378757515078e+04 1.097369850203856055e+13
4.714709418837675184e+04 1.086419059637947461e+13
4.734729458917835291e+04 1.075578842221163086e+13
4.754749498997995397e+04 1.064848082961472266e+13
4.774769539078156231e+04 1.054225677611502344e+13
4.794789579158316337e+04 1.043710532584602344e+13
4.814809619238476444e+04 1.033301588837928516e+13
4.834829659318637277e+04 1.022997726569364258e+13
4.854849699398797384e+04 1.012797907007135547e+13
4.874869739478957490e+04 1.002701078370632422e+13
4.894889779559117596e+04 9.927061991217246094e+12
4.914909819639278430e+04 9.828122378803191406e+12
4.934929859719438537e+04 9.730181733423294922e+12
4.954949899799598643e+04 9.633229941950443359e+12
4.974969939879759477e+04 9.537256990348931641e+12
4.994989979959919583e+04 9.442252962836273438e+12
5.015010020040079689e+04 9.348208041069562500e+12
5.035030060120240523e+04 9.255112503305166016e+12
5.055050100200400630e+04 9.162956723586519531e+12
5.075070140280560736e+04 9.071731170917591797e+12
5.095090180360720842e+04 8.981426408447751953e+12
5.115110220440881676e+04 8.892033219424837891e+12
5.135130260521041782e+04 8.803542231266935547e+12
5.155150300601201889e+04 8.715944154109759766e+12
5.175170340681362723e+04 8.629230045117727539e+12
5.195190380761522829e+04 8.543390926011095703e+12
5.215210420841682935e+04 8.458417907823578125e+12
5.235230460921843041e+04 8.374302190096752930e+12
5.255250501002003875e+04 8.291035060098621094e+12
5.275270541082163982e+04 8.208607892021582031e+12
5.295290581162324088e+04 8.127012146220763672e+12
5.315310621242484922e+04 8.046239368419278320e+12
5.335330661322645028e+04 7.966281188937988281e+12
5.355350701402805134e+04 7.887129586240787109e+12
5.375370741482965968e+04 7.808775835321402344e+12
5.395390781563126075e+04 7.731212073741959961e+12
5.415410821643286181e+04 7.654430530119674805e+12
5.435430861723446287e+04 7.578422717605414062e+12
5.455450901803607121e+04 7.503181019378787109e+12
5.475470941883767227e+04 7.428697636639170898e+12
5.495490981963927334e+04 7.354964849144976562e+12
5.515511022044088168e+04 7.281975014487215820e+12
5.535531062124248274e+04 7.209720842321780273e+12
5.555551102204408380e+04 7.138194300222702148e+12
5.575571142284568487e+04 7.067388243563669922e+12
5.595591182364729320e+04 6.997295334006646484e+12
5.615611222444889427e+04 6.927908307442985352e+12
5.635631262525049533e+04 6.859219973293551758e+12
5.655651302605210367e+04 6.791223213803277344e+12
5.675671342685370473e+04 6.723910983354322266e+12
5.695691382765530579e+04 6.657276307767021484e+12
5.715711422845690686e+04 6.591312283624115234e+12
5.735731462925851520e+04 6.526012077587459961e+12
5.755751503006011626e+04 6.461368925721060547e+12
5.775771543086171732e+04 6.397376132829043945e+12
5.795791583166332566e+04 6.334027214376930664e+12
5.815811623246492672e+04 6.271315473746704102e+12
5.835831663326652779e+04 6.209234270506938477e+12
5.855851703406813613e+04 6.147777319731402344e+12
5.875871743486973719e+04 6.086938260046305664e+12
5.895891783567133825e+04 6.026711088147574219e+12
5.915911823647293932e+04 5.967088991645023438e+12
5.935931863727454765e+04 5.908066088671779297e+12
5.955951903807614872e+04 5.849636273384303711e+12
5.975971943887774978e+04 5.791793502268315430e+12
5.995991983967935812e+04 5.734531793514734375e+12
6.016012024048095918e+04 5.677845226421517578e+12
6.036032064128256025e+04 5.621727940791202148e+12
6.056052104208416131e+04 5.566174136323190430e+12
6.076072144288576965e+04 5.511178072030025391e+12
6.096092184368737071e+04 5.456734065649604492e+12
6.116112224448897177e+04 5.402836493057394531e+12
6.136132264529058011e+04 5.349479787688997070e+12
6.156152304609218118e+04 5.296658744435586914e+12
6.176172344689378224e+04 5.244367307635848633e+12
6.196192384769539058e+04 5.192600686545828125e+12
6.216212424849699164e+04 5.141352928885554688e+12
6.236232464929859270e+04 5.090619049453008789e+12
6.256252505010019377e+04 5.040393815214787109e+12
6.276272545090180211e+04 4.990672046790129883e+12
6.296292585170340317e+04 4.941448617918269531e+12
6.316312625250500423e+04 4.892718769257794922e+12
6.336332665330661257e+04 4.844476856978094727e+12
6.356352705410821363e+04 4.796718218994073242e+12
6.376372745490981470e+04 4.749437936235324219e+12
6.396392785571141576e+04 4.702631140128352539e+12
6.416412825651302410e+04 4.656293012096356445e+12
6.436432865731462516e+04 4.610419424152672852e+12
6.456452905811622622e+04 4.565004386881703125e+12
6.476472945891783456e+04 4.520043857084170898e+12
6.496492985971943563e+04 4.475533211140453125e+12
6.516513026052103669e+04 4.431467872937400391e+12
6.536533066132264503e+04 4.387843313387948730e+12
6.556553106212423882e+04 4.344655049961064941e+12
6.576573146292584715e+04 4.301898646198209961e+12
6.596593186372745549e+04 4.259569711253973633e+12
6.616613226452904928e+04 4.217664226447661621e+12
6.636633266533065762e+04 4.176177573636738770e+12
6.656653306613226596e+04 4.135105162185952637e+12
6.676673346693385975e+04 4.094443103261375488e+12
6.696693386773546808e+04 4.054187227189599609e+12
6.716713426853707642e+04 4.014333407180487305e+12
6.736733466933867021e+04 3.974877558898669434e+12
6.756753507014027855e+04 3.935815973634706055e+12
6.776773547094188689e+04 3.897144325584666504e+12
6.796793587174348067e+04 3.858858317411107422e+12
6.816813627254508901e+04 3.820954359723945801e+12
6.836833667334668280e+04 3.783428574015136719e+12
6.856853707414829114e+04 3.746277291069450195e+12
6.876873747494989948e+04 3.709496887754205078e+12
6.896893787575149327e+04 3.673082756841773926e+12
6.916913827655310160e+04 3.637031679086850098e+12
6.936933867735470994e+04 3.601340486243093750e+12
6.956953907815630373e+04 3.566004686348072754e+12
6.976973947895791207e+04 3.531021350275325684e+12
6.996993987975952041e+04 3.496386573893230469e+12
7.017014028056111420e+04 3.462096651258843262e+12
7.037034068136272253e+04 3.428147901669944824e+12
7.057054108216433087e+04 3.394537207118780762e+12
7.077074148296592466e+04 3.361261141833342773e+12
7.097094188376753300e+04 3.328316315295569824e+12
7.117114228456914134e+04 3.295699724737780762e+12
7.137134268537073513e+04 3.263407349741361328e+12
7.157154308617234346e+04 3.231436249922711426e+12
7.177174348697393725e+04 3.199783172159563477e+12
7.197194388777554559e+04 3.168444896804691406e+12
7.217214428857715393e+04 3.137418237326543457e+12
7.237234468937874772e+04 3.106700039977733398e+12
7.257254509018035606e+04 3.076287183450682617e+12
7.277274549098196439e+04 3.046176578539490234e+12
7.297294589178355818e+04 3.016365167813896484e+12
7.317314629258516652e+04 2.986849925288599609e+12
7.337334669338677486e+04 2.957627856093824219e+12
7.357354709418836865e+04 2.928695996158197754e+12
7.377374749498997699e+04 2.900051411885445312e+12
7.397394789579158532e+04 2.871691199844065918e+12
7.417414829659317911e+04 2.843612486447474609e+12
7.437434869739478745e+04 2.815812427652352051e+12
7.457454909819638124e+04 2.788288208646592773e+12
7.477474949899798958e+04 2.761037043548429688e+12
7.497494989979959792e+04 2.734056175108183105e+12
7.517515030060119170e+04 2.707342874406192871e+12
7.537535070140280004e+04 2.680894440564450195e+12
7.557555110220440838e+04 2.654708200453751465e+12
7.577575150300600217e+04 2.628781508403195801e+12
7.597595190380761051e+04 2.603111745920137695e+12
7.617615230460921885e+04 2.577696321401022949e+12
7.637635270541081263e+04 2.552532669859287598e+12
7.657655310621242097e+04 2.527618252647041504e+12
7.677675350701402931e+04 2.502950557176623535e+12
7.697695390781562310e+04 2.478527096659174316e+12
7.717715430861723144e+04 2.454345409824702637e+12
7.737735470941883978e+04 2.430403060669341797e+12
7.757755511022043356e+04 2.406697638186551758e+12
7.777775551102204190e+04 2.383226756102582031e+12
7.797795591182363569e+04 2.359988052631795898e+12
7.817815631262524403e+04 2.336979577303073730e+12
7.837835671342685237e+04 2.314198248751978516e+12
7.857855711422844615e+04 2.291642157899390625e+12
7.877875751503005449e+04 2.269309038364607422e+12
7.897895791583166283e+04 2.247196646997019043e+12
7.917915831663325662e+04 2.225302763647897461e+12
7.937935871743486496e+04 2.203625190919106445e+12
7.957955911823647330e+04 2.182161753928476807e+12
7.977975951903806708e+04 2.160910300078895264e+12
7.997995991983967542e+04 2.139868698829029541e+12
8.018016032064128376e+04 2.119034841453841309e+12
8.038036072144287755e+04 2.098406640832358643e+12
8.058056112224448589e+04 2.077982031203671631e+12
8.078076152304609423e+04 2.057758967969611084e+12
8.098096192384768801e+04 2.037735427448060303e+12
8.118116232464929635e+04 2.017909406678111572e+12
8.138136272545089014e+04 1.998278923190457520e+12
8.158156312625249848e+04 1.978842014801367920e+12
8.178176352705410682e+04 1.959596739397658203e+12
8.198196392785570060e+04 1.940541174729018311e+12
8.218216432865730894e+04 1.921673418205664062e+12
8.238236472945891728e+04 1.902991586685044189e+12
8.258256513026051107e+04 1.884493816280903320e+12
8.278276553106211941e+04 1.866178262153983643e+12
8.298296593186372775e+04 1.848043098317742188e+12
8.318316633266532153e+04 1.830086517441659668e+12
8.338336673346692987e+04 1.812306730658012451e+12
8.358356713426853821e+04 1.794701967370117920e+12
8.378376753507013200e+04 1.777270475062776611e+12
8.398396793587174034e+04 1.760010519109374268e+12
8.418416833667334868e+04 1.742920801591925781e+12
8.438436873747494246e+04 1.725998791561381592e+12
8.458456913827655080e+04 1.709243219612396729e+12
8.478476953907814459e+04 1.692652420850443359e+12
8.498496993987975293e+04 1.676224747366393555e+12
8.518517034068136127e+04 1.659958568056531738e+12
8.538537074148295505e+04 1.643852268448937500e+12
8.558557114228456339e+04 1.627904250527054932e+12
8.578577154308617173e+04 1.612112932567311279e+12
8.598597194388776552e+04 1.596476748960753174e+12
8.618617234468937386e+04 1.580994150047666260e+12
8.638637274549098220e+04 1.565663601960199219e+12
8.658657314629257598e+04 1.550483586446525879e+12
8.678677354709418432e+04 1.535452600716484375e+12
8.698697394789579266e+04 1.520569157277759521e+12
8.718717434869738645e+04 1.505831783781401611e+12
8.738737474949899479e+04 1.491239022856022217e+12
8.758757515030060313e+04 1.476789431962975342e+12
8.778777555110219691e+04 1.462481583235752441e+12
8.798797595190380525e+04 1.448314063329863281e+12
8.818817635270539904e+04 1.434285473269015137e+12
8.838837675350700738e+04 1.420394428302162354e+12
8.858857715430861572e+04 1.406639557753666992e+12
8.878877755511020951e+04 1.393019504871956543e+12
8.898897795591181784e+04 1.379533368647215576e+12
8.918917835671342618e+04 1.366178942272660156e+12
8.938937875751501997e+04 1.352955345538898926e+12
8.958957915831662831e+04 1.339861275984879395e+12
8.978977955911823665e+04 1.326895444369056396e+12
8.998997995991983043e+04 1.314056574536963379e+12
9.019018036072143877e+04 1.301343403279587891e+12
9.039038076152304711e+04 1.288754680207733154e+12
9.059058116232464090e+04 1.276289167610902832e+12
9.079078156312624924e+04 1.263945640333165771e+12
9.099098196392785758e+04 1.251722885636937988e+12
9.119118236472945136e+04 1.239619703078390381e+12
9.139138276553105970e+04 1.227634904378999268e+12
9.159158316633265349e+04 1.215767313299686523e+12
9.179178356713426183e+04 1.204015765517213135e+12
9.199198396793587017e+04 1.192379108499815918e+12
9.219218436873746396e+04 1.180856201385571533e+12
9.239238476953907229e+04 1.169445914861990967e+12
9.259258517034068063e+04 1.158147131046279541e+12
9.279278557114227442e+04 1.146959203515557373e+12
9.299298597194388276e+04 1.135880123010660645e+12
9.319318637274549110e+04 1.124909259051531982e+12
9.339338677354708489e+04 1.114045538306389893e+12
9.359358717434869322e+04 1.103287898297762695e+12
9.379378757515030156e+04 1.092635287285686646e+12
9.399398797595189535e+04 1.082086664157100708e+12
9.419418837675350369e+04 1.071640998322588501e+12
9.439438877755509748e+04 1.061297269596763794e+12
9.459458917835670582e+04 1.051054468103821411e+12
9.479478957915831415e+04 1.040911594162622070e+12
9.499498997995990794e+04 1.030867658180449463e+12
9.519519038076151628e+04 1.020921680554884888e+12
9.539539078156312462e+04 1.011072691566736450e+12
9.559559118236471841e+04 1.001319966439002808e+12
9.579579158316632675e+04 9.916623258859516602e+11
9.599599198396793508e+04 9.820985882555588379e+11
9.619619238476952887e+04 9.726280572909030762e+11
9.639639278557113721e+04 9.632498111921005859e+11
9.659659318637274555e+04 9.539629374429973145e+11
9.679679358717433934e+04 9.447665327259626465e+11
9.699699398797594768e+04 9.356597028201209717e+11
9.719719438877755601e+04 9.266415625081413574e+11
9.739739478957914980e+04 9.177112354896434326e+11
9.759759519038075814e+04 9.088678542802877197e+11
9.779779559118235193e+04 9.001105601275997314e+11
9.799799599198396027e+04 8.914389896801859131e+11
9.819819639278556861e+04 8.828513342793937988e+11
9.839839679358716239e+04 8.743472412423356934e+11
9.859859719438877073e+04 8.659258858509117432e+11
9.879879759519037907e+04 8.575864516769243164e+11
9.899899799599197286e+04 8.493281304956833496e+11
9.919919839679358120e+04 8.411501222049152832e+11
9.939939879759518954e+04 8.330516347420373535e+11
9.959959919839678332e+04 8.250323774640302734e+11
9.979979959919839166e+04 8.170905936044245605e+11
1.000000000000000000e+05 8.092260018599265137e+11
