1.000000000000000000e+02 2.093553611306376953e+13
3.002004008016032230e+02 2.939575796225668359e+13
5.004008016032063892e+02 3.410970959383382031e+13
7.006012024048095554e+02 3.743517120297785156e+13
9.008016032064127785e+02 3.999433862712841406e+13
1.101002004008016002e+03 4.205672910797966406e+13
1.301202404809619111e+03 4.376663227975403125e+13
1.501402805611222448e+03 4.521142320956339062e+13
1.701603206412825557e+03 4.644851319804341406e+13
1.901803607214428666e+03 4.751789402857456250e+13
2.102004008016032003e+03 4.844867552085456250e+13
2.302204408817635340e+03 4.926278704666755469e+13
2.502404809619238222e+03 4.997721102799944531e+13
2.702605210420841559e+03 5.060540050420717969e+13
2.902805611222444895e+03 5.115821666516114062e+13
3.103006012024047777e+03 5.164457050136563281e+13
3.303206412825651114e+03 5.207187484321379688e+13
3.503406813627254451e+03 5.244637081317361719e+13
3.703607214428857333e+03 5.277336870197423438e+13
3.903807615230460669e+03 5.305742907552626562e+13
4.104008016032064006e+03 5.330250122285753906e+13
4.304208416833666888e+03 5.351203056782892969e+13
4.504408817635270680e+03 5.368904311139658594e+13
4.704609218436873562e+03 5.383621261178723438e+13
4.904809619238476444e+03 5.395591461114162500e+13
5.105010020040080235e+03 5.405027031242911719e+13
5.305210420841683117e+03 5.412118253471985938e+13
5.505410821643285999e+03 5.417036542030177344e+13
5.705611222444889790e+03 5.419936916635985938e+13
5.905811623246492672e+03 5.420960075909952344e+13
6.106012024048095554e+03 5.420234146965458594e+13
6.306212424849699346e+03 5.417876170698574219e+13
6.506412825651302228e+03 5.413993369792011719e+13
6.706613226452905110e+03 5.408684236937935938e+13
6.906813627254508901e+03 5.402039473365250781e+13
7.107014028056111783e+03 5.394142802006060938e+13
7.307214428857714665e+03 5.385071675118928125e+13
7.507414829659318457e+03 5.374897892574225000e+13
7.707615230460921339e+03 5.363688144184247656e+13
7.907815631262524221e+03 5.351504487136268750e+13
8.108016032064128012e+03 5.338404767750558594e+13
8.308216432865730894e+03 5.324442995280285938e+13
8.508416833667333776e+03 5.309669674232785156e+13
8.708617234468936658e+03 5.294132100692506250e+13
8.908817635270541359e+03 5.277874627287750781e+13
9.109018036072144241e+03 5.260938900758501562e+13
9.309218436873747123e+03 5.243364075499265625e+13
9.509418837675350005e+03 5.225187005979078906e+13
9.709619238476952887e+03 5.206442420537786719e+13
9.909819639278555769e+03 5.187163078700571094e+13
1.011002004008016047e+04 5.167379913898024219e+13
1.031022044088176335e+04 5.147122163192384375e+13
1.051042084168336623e+04 5.126417485437572656e+13
1.071062124248496912e+04 5.105292069111615625e+13
1.091082164328657200e+04 5.083770730888400781e+13
1.111102204408817488e+04 5.061877005921035156e+13
1.131122244488977958e+04 5.039633230657104688e+13
1.151142284569138246e+04 5.017060618939639062e+13
1.171162324649298534e+04 4.994179332040310938e+13
1.191182364729458823e+04 4.971008543204895312e+13
1.211202404809619111e+04 4.947566497245900000e+13
1.231222444889779399e+04 4.923870565602918750e+13
1.251242484969939869e+04 4.899937297329058594e+13
1.271262525050100157e+04 4.875782466337214844e+13
1.291282565130260446e+04 4.851421115240200781e+13
1.311302605210420734e+04 4.826867596098174219e+13
1.331322645290581022e+04 4.802135608311208594e+13
1.351342685370741492e+04 4.777238233916897656e+13
1.371362725450901780e+04 4.752187970507002344e+13
1.391382765531062068e+04 4.726996761938867188e+13
1.411402805611222357e+04 4.701676027044235938e+13
1.431422845691382645e+04 4.676236686475987500e+13
1.451442885771542933e+04 4.650689187848896875e+13
1.471462925851703403e+04 4.625043529291947656e+13
1.491482965931863691e+04 4.599309281557875000e+13
1.511503006012023980e+04 4.573495608767784375e+13
1.531523046092184268e+04 4.547611287914617188e+13
1.551543086172344556e+04 4.521664727201447656e+13
1.571563126252504844e+04 4.495663983316948438e+13
1.591583166332665314e+04 4.469616777691983594e+13
1.611603206412825602e+04 4.443530511846951562e+13
1.631623246492985891e+04 4.417412281862880469e+13
1.651643286573146179e+04 4.391268892048989062e+13
1.671663326653306649e+04 4.365106867860913281e+13
1.691683366733466755e+04 4.338932468116117188e+13
1.711703406813627225e+04 4.312751696552696875e+13
1.731723446893787332e+04 4.286570312781992969e+13
1.751743486973947802e+04 4.260393842656494531e+13
1.771763527054108272e+04 4.234227588117032812e+13
1.791783567134268378e+04 4.208076636516364062e+13
1.811803607214428848e+04 4.181945869492474219e+13
1.831823647294588955e+04 4.155839971380225781e+13
1.851843687374749425e+04 4.129763437221885156e+13
1.871863727454909531e+04 4.103720580374371875e+13
1.891883767535070001e+04 4.077715539754617188e+13
1.911903807615230471e+04 4.051752286738983594e+13
1.931923847695390577e+04 4.025834631733960156e+13
1.951943887775551048e+04 3.999966230437067188e+13
1.971963927855711154e+04 3.974150589813960156e+13
1.991983967935871624e+04 3.948391073795967969e+13
2.012004008016032094e+04 3.922690908719146094e+13
2.032024048096192200e+04 3.897053188522194531e+13
2.052044088176352670e+04 3.871480879711513281e+13
2.072064128256512777e+04 3.845976826103617188e+13
2.092084168336673247e+04 3.820543753367761719e+13
2.112104208416833717e+04 3.795184273366172656e+13
2.132124248496993823e+04 3.769900888308212500e+13
2.152144288577154293e+04 3.744695994738189844e+13
2.172164328657314400e+04 3.719571887337368750e+13
2.192184368737474870e+04 3.694530762584390625e+13
2.212204408817634976e+04 3.669574722258160938e+13
2.232224448897795446e+04 3.644705776793542969e+13
2.252244488977955916e+04 3.619925848507733594e+13
2.272264529058116022e+04 3.595236774691639062e+13
2.292284569138276493e+04 3.570640310583116406e+13
2.312304609218436599e+04 3.546138132212373438e+13
2.332324649298597069e+04 3.521731839151172656e+13
2.352344689378757539e+04 3.497422957142003516e+13
2.372364729458917645e+04 3.473212940629042188e+13
2.392384769539078115e+04 3.449103175198732422e+13
2.412404809619238222e+04 3.425094979915753516e+13
2.432424849699398692e+04 3.401189609582193359e+13
2.452444889779558798e+04 3.377388256905785156e+13
2.472464929859719268e+04 3.353692054590637109e+13
2.492484969939879738e+04 3.330102077345305078e+13
2.512505010020039845e+04 3.306619343828332812e+13
2.532525050100200315e+04 3.283244818509962109e+13
2.552545090180360421e+04 3.259979413477537891e+13
2.572565130260520891e+04 3.236823990167369141e+13
2.592585170340681361e+04 3.213779361044425000e+13
2.612605210420841468e+04 3.190846291212585156e+13
2.632625250501001938e+04 3.168025499976849609e+13
2.652645290581162044e+04 3.145317662346374219e+13
2.672665330661322514e+04 3.122723410485288281e+13
2.692685370741482984e+04 3.100243335114497266e+13
2.712705410821643090e+04 3.077877986870716406e+13
2.732725450901803561e+04 3.055627877607934375e+13
2.752745490981963667e+04 3.033493481663404297e+13
2.772765531062124137e+04 3.011475237081851953e+13
2.792785571142284243e+04 2.989573546792845703e+13
2.812805611222444713e+04 2.967788779751716406e+13
2.832825651302605183e+04 2.946121272045439844e+13
2.852845691382765290e+04 2.924571327958969141e+13
2.872865731462925760e+04 2.903139221004802734e+13
2.892885771543085866e+04 2.881825194929391406e+13
2.912905811623246336e+04 2.860629464670874219e+13
2.932925851703406806e+04 2.839552217302128125e+13
2.952945891783566913e+04 2.818593612929993750e+13
2.972965931863727383e+04 2.797753785575865625e+13
2.992985971943887489e+04 2.777032844025773047e+13
3.013006012024047959e+04 2.756430872649488281e+13
3.033026052104208065e+04 2.735947932197557031e+13
3.053046092184368536e+04 2.715584060575624219e+13
3.073066132264529006e+04 2.695339273586274219e+13
3.093086172344689112e+04 2.675213565662810547e+13
3.113106212424849582e+04 2.655206910560771094e+13
3.133126252505009688e+04 2.635319262046010547e+13
3.153146292585170158e+04 2.615550554550182422e+13
3.173166332665330629e+04 2.595900703815762109e+13
3.193186372745490735e+04 2.576369607508614844e+13
3.213206412825651205e+04 2.556957145824044922e+13
3.233226452905811311e+04 2.537663182073832812e+13
3.253246492985971781e+04 2.518487563245112500e+13
3.273266533066132251e+04 2.499430120552364844e+13
3.293286573146292358e+04 2.480490669971391016e+13
3.313306613226452464e+04 2.461669012754682812e+13
3.333326653306613298e+04 2.442964935935544141e+13
3.353346693386773404e+04 2.424378212810121484e+13
3.373366733466933510e+04 2.405908603414632812e+13
3.393386773547094344e+04 2.387555854980523047e+13
3.413406813627254451e+04 2.369319702384269531e+13
3.433426853707414557e+04 2.351199868574011719e+13
3.453446893787574663e+04 2.333196064994199609e+13
3.473466933867735497e+04 2.315307991989593750e+13
3.493486973947895603e+04 2.297535339205907031e+13
3.513507014028055710e+04 2.279877785968250000e+13
3.533527054108216544e+04 2.262335001656765625e+13
3.553547094188376650e+04 2.244906646074216016e+13
3.573567134268536756e+04 2.227592369790163672e+13
3.593587174348696863e+04 2.210391814486790234e+13
3.613607214428857696e+04 2.193304613297321875e+13
3.633627254509017803e+04 2.176330391115344531e+13
3.653647294589177909e+04 2.159468764923586328e+13
3.673667334669338743e+04 2.142719344087679688e+13
3.693687374749498849e+04 2.126081730660761328e+13
3.713707414829658956e+04 2.109555519663414453e+13
3.733727454909819062e+04 2.093140299370507812e+13
3.753747494989979896e+04 2.076835651580560547e+13
3.773767535070140002e+04 2.060641151877674219e+13
3.793787575150300108e+04 2.044556369891989062e+13
3.813807615230460942e+04 2.028580869550643359e+13
3.833827655310621049e+04 2.012714209311130469e+13
3.853847695390781155e+04 1.996955942408879297e+13
3.873867735470941989e+04 1.981305617080698047e+13
3.893887775551102095e+04 1.965762776788603125e+13
3.913907815631262201e+04 1.950326960435370312e+13
3.933927855711422308e+04 1.934997702576053125e+13
3.953947895791583142e+04 1.919774533622251562e+13
3.973967935871743248e+04 1.904656980042624219e+13
3.993987975951903354e+04 1.889644564555776562e+13
4.014008016032064188e+04 1.874736806315075781e+13
4.034028056112224294e+04 1.859933221096411719e+13
4.054048096192384401e+04 1.845233321471033594e+13
4.074068136272544507e+04 1.830636616984941797e+13
4.094088176352705341e+04 1.816142614318092188e+13
4.114108216432865447e+04 1.801750817454303125e+13
4.134128256513025553e+04 1.787460727836871875e+13
4.154148296593186387e+04 1.773271844525705078e+13
4.174168336673346494e+04 1.759183664341737891e+13
4.194188376753506600e+04 1.745195682017619727e+13
4.214208416833667434e+04 1.731307390339211133e+13
4.234228456913827540e+04 1.717518280279129688e+13
4.254248496993987646e+04 1.703827841133671484e+13
4.274268537074147753e+04 1.690235560653976367e+13
4.294288577154308587e+04 1.676740925167284961e+13
4.314308617234468693e+04 1.663343419708101953e+13
4.334328657314628799e+04 1.650042528126856641e+13
4.354348697394789633e+04 1.636837733211933984e+13
4.374368737474949739e+04 1.623728516808036328e+13
4.394388777555109846e+04 1.610714359913317578e+13
4.414408817635269952e+04 1.597794742791248438e+13
4.434428857715430786e+04 1.584969145076826367e+13
4.454448897795590892e+04 1.572237045875258008e+13
4.474468937875750999e+04 1.559597923856464062e+13
4.494488977955911832e+04 1.547051257352222266e+13
4.514509018036071939e+04 1.534596524447766797e+13
4.534529058116232045e+04 1.522233203071626172e+13
4.554549098196392879e+04 1.509960771080083984e+13
4.574569138276552985e+04 1.497778706343251562e+13
4.594589178356713091e+04 1.485686486827922656e+13
4.614609218436873198e+04 1.473683590673333984e+13
4.634629258517034032e+04 1.461769496268997070e+13
4.654649298597194138e+04 1.449943682333445703e+13
4.674669338677354244e+04 1.438205627980808008e+13
4.694689378757515078e+04 1.426554812795562500e+13
4.714709418837675184e+04 1.414990716898709375e+13
4.734729458917835291e+04 1.403512821013962695e+13
4.754749498997995397e+04 1.392120606529542969e+13
4.774769539078156231e+04 1.380813555568389062e+13
4.794789579158316337e+04 1.369591151037252148e+13
4.814809619238476444e+04 1.358452876696009375e+13
4.834829659318637277e+04 1.347398217206167383e+13
4.854849699398797384e+04 1.336426658189519531e+13
4.874869739478957490e+04 1.325537686277207031e+13
4.894889779559117596e+04 1.314730789172610938e+13
4.914909819639278430e+04 1.304005455685837891e+13
4.934929859719438537e+04 1.293361175792201172e+13
4.954949899799598643e+04 1.282797440673836133e+13
4.974969939879759477e+04 1.272313742772226172e+13
4.994989979959919583e+04 1.261909575821832617e+13
5.015010020040079689e+04 1.251584434897992188e+13
5.035030060120240523e+04 1.241337816461654688e+13
5.055050100200400630e+04 1.231169218389083789e+13
5.075070140280560736e+04 1.221078140018816992e+13
5.095090180360720842e+04 1.211064082184425000e+13
5.115110220440881676e+04 1.201126547252546094e+13
5.135130260521041782e+04 1.191265039153054688e+13
5.155150300601201889e+04 1.181479063418174414e+13
5.175170340681362723e+04 1.171768127208336133e+13
5.195190380761522829e+04 1.162131739352286523e+13
5.215210420841682935e+04 1.152569410361919336e+13
5.235230460921843041e+04 1.143080652477921289e+13
5.255250501002003875e+04 1.133664979686892188e+13
5.275270541082163982e+04 1.124321907749365625e+13
5.295290581162324088e+04 1.115050954226720312e+13
5.315310621242484922e+04 1.105851638508431836e+13
5.335330661322645028e+04 1.096723481831638867e+13
5.355350701402805134e+04 1.087666007303893359e+13
5.375370741482965968e+04 1.078678739929036719e+13
5.395390781563126075e+04 1.069761206622188477e+13
5.415410821643286181e+04 1.060912936240666016e+13
5.435430861723446287e+04 1.052133459586939062e+13
5.455450901803607121e+04 1.043422309441444336e+13
5.475470941883767227e+04 1.034779020573280664e+13
5.495490981963927334e+04 1.026203129757453906e+13
5.515511022044088168e+04 1.017694175797428516e+13
5.535531062124248274e+04 1.009251699524994336e+13
5.555551102204408380e+04 1.000875243837412109e+13
5.575571142284568487e+04 9.925643536890654297e+12
5.595591182364729320e+04 9.843185761216097656e+12
5.615611222444889427e+04 9.761374602628341797e+12
5.635631262525049533e+04 9.680205573500615234e+12
5.655651302605210367e+04 9.599674207378242188e+12
5.675671342685370473e+04 9.519776059025109375e+12
5.695691382765530579e+04 9.440506704597187500e+12
5.715711422845690686e+04 9.361861741733710938e+12
5.735731462925851520e+04 9.283836789593941406e+12
5.755751503006011626e+04 9.206427488993712891e+12
5.775771543086171732e+04 9.129629502440476562e+12
5.795791583166332566e+04 9.053438514237597656e+12
5.815811623246492672e+04 8.977850230542986328e+12
5.835831663326652779e+04 8.902860379431216797e+12
5.855851703406813613e+04 8.828464710937312500e+12
5.875871743486973719e+04 8.754658997135571289e+12
5.895891783567133825e+04 8.681439032163432617e+12
5.915911823647293932e+04 8.608800632274402344e+12
5.935931863727454765e+04 8.536739635876115234e+12
5.955951903807614872e+04 8.465251903593044922e+12
5.975971943887774978e+04 8.394333318219394531e+12
5.995991983967935812e+04 8.323979784839623047e+12
6.016012024048095918e+04 8.254187230788839844e+12
6.036032064128256025e+04 8.184951605687045898e+12
6.056052104208416131e+04 8.116268881476549805e+12
6.076072144288576965e+04 8.048135052397020508e+12
6.096092184368737071e+04 7.980546134990098633e+12
6.116112224448897177e+04 7.913498168182382812e+12
6.136132264529058011e+04 7.846987213162757812e+12
6.156152304609218118e+04 7.781009353496578125e+12
6.176172344689378224e+04 7.715560695012022461e+12
6.196192384769539058e+04 7.650637365912125000e+12
6.216212424849699164e+04 7.586235516631803711e+12
6.236232464929859270e+04 7.522351319947866211e+12
6.256252505010019377e+04 7.458980970850011719e+12
6.276272545090180211e+04 7.396120686610246094e+12
6.296292585170340317e+04 7.333766706710638672e+12
6.316312625250500423e+04 7.271915292824785156e+12
6.336332665330661257e+04 7.210562728785885742e+12
6.356352705410821363e+04 7.149705320593132812e+12
6.376372745490981470e+04 7.089339396327314453e+12
6.396392785571141576e+04 7.029461306125702148e+12
6.416412825651302410e+04 6.970067422190297852e+12
6.436432865731462516e+04 6.911154138673986328e+12
6.456452905811622622e+04 6.852717871723812500e+12
6.476472945891783456e+04 6.794755059338021484e+12
6.496492985971943563e+04 6.737262161424510742e+12
6.516513026052103669e+04 6.680235659654307617e+12
6.536533066132264503e+04 6.623672057506421875e+12
6.556553106212423882e+04 6.567567880109791016e+12
6.576573146292584715e+04 6.511919674297000977e+12
6.596593186372745549e+04 6.456724008478082031e+12
6.616613226452904928e+04 6.401977472595489258e+12
6.636633266533065762e+04 6.347676678098098633e+12
6.656653306613226596e+04 6.293818257852128906e+12
6.676673346693385975e+04 6.240398866067470703e+12
6.696693386773546808e+04 6.187415178254541992e+12
6.716713426853707642e+04 6.134863891182362305e+12
6.736733466933867021e+04 6.082741722752836914e+12
6.756753507014027855e+04 6.031045411989575195e+12
6.776773547094188689e+04 5.979771718915146484e+12
6.796793587174348067e+04 5.928917424569568359e+12
6.816813627254508901e+04 5.878479330833666992e+12
6.836833667334668280e+04 5.828454260434760742e+12
6.856853707414829114e+04 5.778839056827240234e+12
6.876873747494989948e+04 5.729630584122286133e+12
6.896893787575149327e+04 5.680825727057607422e+12
6.916913827655310160e+04 5.632421390871721680e+12
6.936933867735470994e+04 5.584414501237815430e+12
6.956953907815630373e+04 5.536802004203407227e+12
6.976973947895791207e+04 5.489580866088412109e+12
6.996993987975952041e+04 5.442748073413308594e+12
7.017014028056111420e+04 5.396300632826290039e+12
7.037034068136272253e+04 5.350235571041905273e+12
7.057054108216433087e+04 5.304549934660281250e+12
7.077074148296592466e+04 5.259240790222259766e+12
7.097094188376753300e+04 5.214305224030590820e+12
7.117114228456914134e+04 5.169740342094778320e+12
7.137134268537073513e+04 5.125543270049285156e+12
7.157154308617234346e+04 5.081711153078195312e+12
7.177174348697393725e+04 5.038241155763328125e+12
7.197194388777554559e+04 4.995130462094036133e+12
7.217214428857715393e+04 4.952376275326524414e+12
7.237234468937874772e+04 4.909975817875475586e+12
7.257254509018035606e+04 4.867926331275622070e+12
7.277274549098196439e+04 4.826225076075145508e+12
7.297294589178355818e+04 4.784869331714564453e+12
7.317314629258516652e+04 4.743856396504262695e+12
7.337334669338677486e+04 4.703183587436854492e+12
7.357354709418836865e+04 4.662848240188527344e+12
7.377374749498997699e+04 4.622847709004487305e+12
7.397394789579158532e+04 4.583179366567309570e+12
7.417414829659317911e+04 4.543840603928412109e+12
7.437434869739478745e+04 4.504828830464680664e+12
7.457454909819638124e+04 4.466141473711866211e+12
7.477474949899798958e+04 4.427775979299143555e+12
7.497494989979959792e+04 4.389729810867385254e+12
7.517515030060119170e+04 4.352000449989554199e+12
7.537535070140280004e+04 4.314585396038287598e+12
7.557555110220440838e+04 4.277482166126440430e+12
7.577575150300600217e+04 4.240688294982798828e+12
7.597595190380761051e+04 4.204201334901045410e+12
7.617615230460921885e+04 4.168018855605915527e+12
7.637635270541081263e+04 4.132138444193265625e+12
7.657655310621242097e+04 4.096557705000550781e+12
7.677675350701402931e+04 4.061274259539692383e+12
7.697695390781562310e+04 4.026285746392440918e+12
7.717715430861723144e+04 3.991589821138040527e+12
7.737735470941883978e+04 3.957184156212155762e+12
7.757755511022043356e+04 3.923066440872874512e+12
7.777775551102204190e+04 3.889234381057824219e+12
7.797795591182363569e+04 3.855685699331636230e+12
7.817815631262524403e+04 3.822418134744090332e+12
7.837835671342685237e+04 3.789429442752733398e+12
7.857855711422844615e+04 3.756717395187321777e+12
7.877875751503005449e+04 3.724279780059937500e+12
7.897895791583166283e+04 3.692114401562523438e+12
7.917915831663325662e+04 3.660219079895880371e+12
7.937935871743486496e+04 3.628591651219760742e+12
7.957955911823647330e+04 3.597229967562049805e+12
7.977975951903806708e+04 3.566131896714793457e+12
7.997995991983967542e+04 3.535295322122632324e+12
8.018016032064128376e+04 3.504718142833373047e+12
8.038036072144287755e+04 3.474398273355166504e+12
8.058056112224448589e+04 3.444333643630236816e+12
8.078076152304609423e+04 3.414522198864775879e+12
8.098096192384768801e+04 3.384961899460088379e+12
8.118116232464929635e+04 3.355650720994422363e+12
8.138136272545089014e+04 3.326586654021518066e+12
8.158156312625249848e+04 3.297767704056859863e+12
8.178176352705410682e+04 3.269191891438492188e+12
8.198196392785570060e+04 3.240857251264162598e+12
8.218216432865730894e+04 3.212761833305931641e+12
8.238236472945891728e+04 3.184903701877878906e+12
8.258256513026051107e+04 3.157280935804600586e+12
8.278276553106211941e+04 3.129891628270435547e+12
8.298296593186372775e+04 3.102733886788042480e+12
8.318316633266532153e+04 3.075805833058619141e+12
8.338336673346692987e+04 3.049105602908222168e+12
8.358356713426853821e+04 3.022631346197655762e+12
8.378376753507013200e+04 2.996381226743006836e+12
8.398396793587174034e+04 2.970353422179317871e+12
8.418416833667334868e+04 2.944546123947951660e+12
8.438436873747494246e+04 2.918957537128954590e+12
8.458456913827655080e+04 2.893585880434151855e+12
8.478476953907814459e+04 2.868429386036759277e+12
8.498496993987975293e+04 2.843486299539411133e+12
8.518517034068136127e+04 2.818754879887457520e+12
8.538537074148295505e+04 2.794233399247982910e+12
8.558557114228456339e+04 2.769920142960269531e+12
8.578577154308617173e+04 2.745813409415251465e+12
8.598597194388776552e+04 2.721911510004717773e+12
8.618617234468937386e+04 2.698212768992365723e+12
8.638637274549098220e+04 2.674715523503128418e+12
8.658657314629257598e+04 2.651418123333864746e+12
8.678677354709418432e+04 2.628318930975610840e+12
8.698697394789579266e+04 2.605416321449926758e+12
8.718717434869738645e+04 2.582708682251145996e+12
8.738737474949899479e+04 2.560194413299291504e+12
8.758757515030060313e+04 2.537871926801782227e+12
8.778777555110219691e+04 2.515739647184684082e+12
8.798797595190380525e+04 2.493796011060016602e+12
8.818817635270539904e+04 2.472039467054854492e+12
8.838837675350700738e+04 2.450468475823276367e+12
8.858857715430861572e+04 2.429081509888618164e+12
8.878877755511020951e+04 2.407877053598908203e+12
8.898897795591181784e+04 2.386853603068251465e+12
8.918917835671342618e+04 2.366009666052463379e+12
8.938937875751501997e+04 2.345343761876267090e+12
8.958957915831662831e+04 2.324854421382544922e+12
8.978977955911823665e+04 2.304540186853794922e+12
8.998997995991983043e+04 2.284399611874077148e+12
9.019018036072143877e+04 2.264431261326123047e+12
9.039038076152304711e+04 2.244633711270128906e+12
9.059058116232464090e+04 2.225005548875571777e+12
9.079078156312624924e+04 2.205545372359448242e+12
9.099098196392785758e+04 2.186251790860104736e+12
9.119118236472945136e+04 2.167123424436740479e+12
9.139138276553105970e+04 2.148158903933897217e+12
9.159158316633265349e+04 2.129356870934394531e+12
9.179178356713426183e+04 2.110715977661406006e+12
9.199198396793587017e+04 2.092234886915990967e+12
9.219218436873746396e+04 2.073912272023660400e+12
9.239238476953907229e+04 2.055746816719753418e+12
9.259258517034068063e+04 2.037737215120766846e+12
9.279278557114227442e+04 2.019882171619414795e+12
9.299298597194388276e+04 2.002180400789459473e+12
9.319318637274549110e+04 1.984630627384439697e+12
9.339338677354708489e+04 1.967231586218225098e+12
9.359358717434869322e+04 1.949982022055487793e+12
9.379378757515030156e+04 1.932880689646730225e+12
9.399398797595189535e+04 1.915926353574300537e+12
9.419418837675350369e+04 1.899117788167905273e+12
9.439438877755509748e+04 1.882453777510698975e+12
9.459458917835670582e+04 1.865933115300193115e+12
9.479478957915831415e+04 1.849554604859653076e+12
9.499498997995990794e+04 1.833317058960296875e+12
9.519519038076151628e+04 1.817219299799543457e+12
9.539539078156312462e+04 1.801260159016791016e+12
9.559559118236471841e+04 1.785438477468137695e+12
9.579579158316632675e+04 1.769753105301205078e+12
9.599599198396793508e+04 1.754202901780837891e+12
9.619619238476952887e+04 1.738786735315355957e+12
9.639639278557113721e+04 1.723503483330443604e+12
9.659659318637274555e+04 1.708352032186362549e+12
9.679679358717433934e+04 1.693331277214768311e+12
9.699699398797594768e+04 1.678440122486716553e+12
9.719719438877755601e+04 1.663677480934730225e+12
9.739739478957914980e+04 1.649042274142611572e+12
9.759759519038075814e+04 1.634533432363001709e+12
9.779779559118235193e+04 1.620149894410327393e+12
9.799799599198396027e+04 1.605890607631728760e+12
9.819819639278556861e+04 1.591754527816441895e+12
9.839839679358716239e+04 1.577740619148561035e+12
9.859859719438877073e+04 1.563847854149521973e+12
9.879879759519037907e+04 1.550075213583898926e+12
9.899899799599197286e+04 1.536421686454449219e+12
9.919919839679358120e+04 1.522886269866320557e+12
9.939939879759518954e+04 1.509467969055334229e+12
9.959959919839678332e+04 1.496165797248828369e+12
9.979979959919839166e+04 1.482978775651893311e+12
1.000000000000000000e+05 1.469905933362441162e+12
