1.000000000000000000e+02 3.873193026334381250e+13
3.002004008016032230e+02 5.354312477368396875e+13
5.004008016032063892e+02 6.141564609142348438e+13
7.006012024048095554e+02 6.675943642416425781e+13
9.008016032064127785e+02 7.072897738446348438e+13
1.101002004008016002e+03 7.382031423584839062e+13
1.301202404809619111e+03 7.629701133972031250e+13
1.501402805611222448e+03 7.831754221537296875e+13
1.701603206412825557e+03 7.998532841559618750e+13
1.901803607214428666e+03 8.137193603116254688e+13
2.102004008016032003e+03 8.252911981815056250e+13
2.302204408817635340e+03 8.349561834848003125e+13
2.502404809619238222e+03 8.430124036129542188e+13
2.702605210420841559e+03 8.496944955934814062e+13
2.902805611222444895e+03 8.551906870293534375e+13
3.103006012024047777e+03 8.596544214505712500e+13
3.303206412825651114e+03 8.632125231213643750e+13
3.503406813627254451e+03 8.659710776962048438e+13
3.703607214428857333e+03 8.680197574795346875e+13
3.903807615230460669e+03 8.694350655024662500e+13
4.104008016032064006e+03 8.702828076384670312e+13
4.304208416833666888e+03 8.706200073527067188e+13
4.504408817635270680e+03 8.704964053944523438e+13
4.704609218436873562e+03 8.699556508219573438e+13
4.904809619238476444e+03 8.690362550318201562e+13
5.105010020040080235e+03 8.677723666167178125e+13
5.305210420841683117e+03 8.661944027187409375e+13
5.505410821643285999e+03 8.643295701380467188e+13
5.705611222444889790e+03 8.622022981033998438e+13
5.905811623246492672e+03 8.598345987376537500e+13
6.106012024048095554e+03 8.572463731806268750e+13
6.306212424849699346e+03 8.544556668889121875e+13
6.506412825651302228e+03 8.514788908774679688e+13
6.706613226452905110e+03 8.483310081842260938e+13
6.906813627254508901e+03 8.450256954507014062e+13
7.107014028056111783e+03 8.415754826749279688e+13
7.307214428857714665e+03 8.379918725817759375e+13
7.507414829659318457e+03 8.342854481336509375e+13
7.707615230460921339e+03 8.304659632364909375e+13
7.907815631262524221e+03 8.265424239108970312e+13
8.108016032064128012e+03 8.225231594847548438e+13
8.308216432865730894e+03 8.184158854977207812e+13
8.508416833667333776e+03 8.142277598904840625e+13
8.708617234468936658e+03 8.099654308943523438e+13
8.908817635270541359e+03 8.056350836240295312e+13
9.109018036072144241e+03 8.012424780172318750e+13
9.309218436873747123e+03 7.967929845950421875e+13
9.509418837675350005e+03 7.922916167281954688e+13
9.709619238476952887e+03 7.877430574072954688e+13
9.909819639278555769e+03 7.831516877483264062e+13
1.011002004008016047e+04 7.785216086183832812e+13
1.031022044088176335e+04 7.738566627359201562e+13
1.051042084168336623e+04 7.691604518749031250e+13
1.071062124248496912e+04 7.644363572612457812e+13
1.091082164328657200e+04 7.596875536115968750e+13
1.111102204408817488e+04 7.549170241298760938e+13
1.131122244488977958e+04 7.501275738008429688e+13
1.151142284569138246e+04 7.453218415648737500e+13
1.171162324649298534e+04 7.405023114854529688e+13
1.191182364729458823e+04 7.356713230080403125e+13
1.211202404809619111e+04 7.308310803977065625e+13
1.231222444889779399e+04 7.259836614335290625e+13
1.251242484969939869e+04 7.211310260674475000e+13
1.271262525050100157e+04 7.162750213465971875e+13
1.291282565130260446e+04 7.114173918966000000e+13
1.311302605210420734e+04 7.065597839044865625e+13
1.331322645290581022e+04 7.017037515756671094e+13
1.351342685370741492e+04 6.968507632684411719e+13
1.371362725450901780e+04 6.920022039262912500e+13
1.391382765531062068e+04 6.871593836580214844e+13
1.411402805611222357e+04 6.823235396133489062e+13
1.431422845691382645e+04 6.774958406904692188e+13
1.451442885771542933e+04 6.726773913544546094e+13
1.471462925851703403e+04 6.678692352024967188e+13
1.491482965931863691e+04 6.630723582963335156e+13
1.511503006012023980e+04 6.582876930596794531e+13
1.531523046092184268e+04 6.535161181453746094e+13
1.551543086172344556e+04 6.487584656494785156e+13
1.571563126252504844e+04 6.440155207522267188e+13
1.591583166332665314e+04 6.392880248416725781e+13
1.611603206412825602e+04 6.345766777747877344e+13
1.631623246492985891e+04 6.298821400031530469e+13
1.651643286573146179e+04 6.252050345723232812e+13
1.671663326653306649e+04 6.205459490040628906e+13
1.691683366733466755e+04 6.159054370694160156e+13
1.711703406813627225e+04 6.112840204600724219e+13
1.731723446893787332e+04 6.066821903648522656e+13
1.751743486973947802e+04 6.021004089576745312e+13
1.771763527054108272e+04 5.975391108029618750e+13
1.791783567134268378e+04 5.929987041836753125e+13
1.811803607214428848e+04 5.884795737379735156e+13
1.831823647294588955e+04 5.839820767024509375e+13
1.851843687374749425e+04 5.795065501503995312e+13
1.871863727454909531e+04 5.750533095865581250e+13
1.891883767535070001e+04 5.706226494329863281e+13
1.911903807615230471e+04 5.662148444311257031e+13
1.931923847695390577e+04 5.618301505497067969e+13
1.951943887775551048e+04 5.574688058467700000e+13
1.971963927855711154e+04 5.531310312879362500e+13
1.991983967935871624e+04 5.488170315238482812e+13
2.012004008016032094e+04 5.445269956292426562e+13
2.032024048096192200e+04 5.402610978054407031e+13
2.052044088176352670e+04 5.360194980488188281e+13
2.072064128256512777e+04 5.318023427868844531e+13
2.092084168336673247e+04 5.276097654839421094e+13
2.112104208416833717e+04 5.234418872177981250e+13
2.132124248496993823e+04 5.192988172295561719e+13
2.152144288577154293e+04 5.151806545271692188e+13
2.172164328657314400e+04 5.110874841321675000e+13
2.192184368737474870e+04 5.070193838397857812e+13
2.212204408817634976e+04 5.029764205462623438e+13
2.232224448897795446e+04 4.989586516997935938e+13
2.252244488977955916e+04 4.949661257151546875e+13
2.272264529058116022e+04 4.909988823695944531e+13
2.292284569138276493e+04 4.870569531811078125e+13
2.312304609218436599e+04 4.831403617701371875e+13
2.332324649298597069e+04 4.792491242052254688e+13
2.352344689378757539e+04 4.753832505199367969e+13
2.372364729458917645e+04 4.715427403507784375e+13
2.392384769539078115e+04 4.677275901611042188e+13
2.412404809619238222e+04 4.639377889789864844e+13
2.432424849699398692e+04 4.601733197974019531e+13
2.452444889779558798e+04 4.564341598400704688e+13
2.472464929859719268e+04 4.527202808159546094e+13
2.492484969939879738e+04 4.490316491630503125e+13
2.512505010020039845e+04 4.453682262821892969e+13
2.532525050100200315e+04 4.417299687611096094e+13
2.552545090180360421e+04 4.381168298723277344e+13
2.572565130260520891e+04 4.345287547129524219e+13
2.592585170340681361e+04 4.309656879056275781e+13
2.612605210420841468e+04 4.274275688481230469e+13
2.632625250501001938e+04 4.239143331152992188e+13
2.652645290581162044e+04 4.204259126336308594e+13
2.672665330661322514e+04 4.169622358490857812e+13
2.692685370741482984e+04 4.135232278880130469e+13
2.712705410821643090e+04 4.101088107118269531e+13
2.732725450901803561e+04 4.067189032654911719e+13
2.752745490981963667e+04 4.033534216202771094e+13
2.772765531062124137e+04 4.000122791107689062e+13
2.792785571142284243e+04 3.966953864666982812e+13
2.812805611222444713e+04 3.934026519394775000e+13
2.832825651302605183e+04 3.901339814240267188e+13
2.852845691382765290e+04 3.868892785756381250e+13
2.872865731462925760e+04 3.836684449226650000e+13
2.892885771543085866e+04 3.804713799745172656e+13
2.912905811623246336e+04 3.772979813258912500e+13
2.932925851703406806e+04 3.741481447567122656e+13
2.952945891783566913e+04 3.710217658199583594e+13
2.972965931863727383e+04 3.679187340345997656e+13
2.992985971943887489e+04 3.648389424657491406e+13
3.013006012024047959e+04 3.617822798826474219e+13
3.033026052104208065e+04 3.587486335745132812e+13
3.053046092184368536e+04 3.557378910653414062e+13
3.073066132264529006e+04 3.527499379330373438e+13
3.093086172344689112e+04 3.497846586164471484e+13
3.113106212424849582e+04 3.468419364860668359e+13
3.133126252505009688e+04 3.439216539122537109e+13
3.153146292585170158e+04 3.410236923308102344e+13
3.173166332665330629e+04 3.381479323060942188e+13
3.193186372745490735e+04 3.352942535919241406e+13
3.213206412825651205e+04 3.324625351899866797e+13
3.233226452905811311e+04 3.296526554063353125e+13
3.253246492985971781e+04 3.268644919055510938e+13
3.273266533066132251e+04 3.240979217629876562e+13
3.293286573146292358e+04 3.213528215151186719e+13
3.313306613226452464e+04 3.186290672079460547e+13
3.333326653306613298e+04 3.159265344436498438e+13
3.353346693386773404e+04 3.132450984254041797e+13
3.373366733466933510e+04 3.105846340006699219e+13
3.393386773547094344e+04 3.079450157028667188e+13
3.413406813627254451e+04 3.053261177911957422e+13
3.433426853707414557e+04 3.027278142895248438e+13
3.453446893787574663e+04 3.001499790232345703e+13
3.473466933867735497e+04 2.975924856551050000e+13
3.493486973947895603e+04 2.950552077196132031e+13
3.513507014028055710e+04 2.925380204305334375e+13
3.533527054108216544e+04 2.900407936812470703e+13
3.553547094188376650e+04 2.875634025256766797e+13
3.573567134268536756e+04 2.851057203041535547e+13
3.593587174348696863e+04 2.826676212677850781e+13
3.613607214428857696e+04 2.802489780079932812e+13
3.633627254509017803e+04 2.778496630842845312e+13
3.653647294589177909e+04 2.754695509779913281e+13
3.673667334669338743e+04 2.731085154182375391e+13
3.693687374749498849e+04 2.707664302857611719e+13
3.713707414829658956e+04 2.684431696353859766e+13
3.733727454909819062e+04 2.661386077175246094e+13
3.753747494989979896e+04 2.638526189989273438e+13
3.773767535070140002e+04 2.615850781825176953e+13
3.793787575150300108e+04 2.593358602266000781e+13
3.813807615230460942e+04 2.571048403631636328e+13
3.833827655310621049e+04 2.548918941154526953e+13
3.853847695390781155e+04 2.526968973149842969e+13
3.873867735470941989e+04 2.505197261176421094e+13
3.893887775551102095e+04 2.483602570194012500e+13
3.913907815631262201e+04 2.462183668710745703e+13
3.933927855711422308e+04 2.440939328927031250e+13
3.953947895791583142e+04 2.419868326873108984e+13
3.973967935871743248e+04 2.398969442539203906e+13
3.993987975951903354e+04 2.378241460001701172e+13
4.014008016032064188e+04 2.357683167543897266e+13
4.034028056112224294e+04 2.337293357769911328e+13
4.054048096192384401e+04 2.317070847787555469e+13
4.074068136272544507e+04 2.297014399671957031e+13
4.094088176352705341e+04 2.277122839078246484e+13
4.114108216432865447e+04 2.257394976949796094e+13
4.134128256513025553e+04 2.237829629054534375e+13
4.154148296593186387e+04 2.218425616071894531e+13
4.174168336673346494e+04 2.199181763676309766e+13
4.194188376753506600e+04 2.180096902615741797e+13
4.214208416833667434e+04 2.161169868787072266e+13
4.234228456913827540e+04 2.142399503308433203e+13
4.254248496993987646e+04 2.123784652585511328e+13
4.274268537074147753e+04 2.105324168376934375e+13
4.294288577154308587e+04 2.087016907855695312e+13
4.314308617234468693e+04 2.068861755371787891e+13
4.334328657314628799e+04 2.050857536339979688e+13
4.354348697394789633e+04 2.033003145576588281e+13
4.374368737474949739e+04 2.015297462456599219e+13
4.394388777555109846e+04 1.997739372027130078e+13
4.414408817635269952e+04 1.980327765051289844e+13
4.434428857715430786e+04 1.963061538046455078e+13
4.454448897795590892e+04 1.945939593324119141e+13
4.474468937875750999e+04 1.928960839024155859e+13
4.494488977955911832e+04 1.912124189147305469e+13
4.514509018036071939e+04 1.895428563586730078e+13
4.534529058116232045e+04 1.878872888155389844e+13
4.554549098196392879e+04 1.862456094612405469e+13
4.574569138276552985e+04 1.846177120687098828e+13
4.594589178356713091e+04 1.830034910100372266e+13
4.614609218436873198e+04 1.814028412585742188e+13
4.634629258517034032e+04 1.798156583906436328e+13
4.654649298597194138e+04 1.782418409027458203e+13
4.674669338677354244e+04 1.766812810154657812e+13
4.694689378757515078e+04 1.751338783756366797e+13
4.714709418837675184e+04 1.735995309860011523e+13
4.734729458917835291e+04 1.720781374587850391e+13
4.754749498997995397e+04 1.705695970162503711e+13
4.774769539078156231e+04 1.690738094915331055e+13
4.794789579158316337e+04 1.675906753290524219e+13
4.814809619238476444e+04 1.661200955848434766e+13
4.834829659318637277e+04 1.646619719267480859e+13
4.854849699398797384e+04 1.632162066346084375e+13
4.874869739478957490e+04 1.617827026001042578e+13
4.894889779559117596e+04 1.603613633267088086e+13
4.914909819639278430e+04 1.589520929292480859e+13
4.934929859719438537e+04 1.575547961336783984e+13
4.954949899799598643e+04 1.561693782764567188e+13
4.974969939879759477e+04 1.547957453039712500e+13
4.994989979959919583e+04 1.534338037718444922e+13
5.015010020040079689e+04 1.520834608440881250e+13
5.035030060120240523e+04 1.507446267850847266e+13
5.055050100200400630e+04 1.494172050515335742e+13
5.075070140280560736e+04 1.481011070568827539e+13
5.095090180360720842e+04 1.467962423888840234e+13
5.115110220440881676e+04 1.455025212382027344e+13
5.135130260521041782e+04 1.442198543972504492e+13
5.155150300601201889e+04 1.429481532586826758e+13
5.175170340681362723e+04 1.416873298138587891e+13
5.195190380761522829e+04 1.404372966514305664e+13
5.215210420841682935e+04 1.391979669556182227e+13
5.235230460921843041e+04 1.379692545045693945e+13
5.255250501002003875e+04 1.367510736685631055e+13
5.275270541082163982e+04 1.355433407106365039e+13
5.295290581162324088e+04 1.343459699362983398e+13
5.315310621242484922e+04 1.331588761268878320e+13
5.335330661322645028e+04 1.319819772998515234e+13
5.355350701402805134e+04 1.308151907580900781e+13
5.375370741482965968e+04 1.296584343850403125e+13
5.395390781563126075e+04 1.285116266424530078e+13
5.415410821643286181e+04 1.273746865683299609e+13
5.435430861723446287e+04 1.262475337746334766e+13
5.455450901803607121e+04 1.251300884450673242e+13
5.475470941883767227e+04 1.240222713328190039e+13
5.495490981963927334e+04 1.229240037581031836e+13
5.515511022044088168e+04 1.218352076060213281e+13
5.535531062124248274e+04 1.207558053238708203e+13
5.555551102204408380e+04 1.196857199189344727e+13
5.575571142284568487e+04 1.186248749559611133e+13
5.595591182364729320e+04 1.175731945546063086e+13
5.615611222444889427e+04 1.165306033870158594e+13
5.635631262525049533e+04 1.154970266750961914e+13
5.655651302605210367e+04 1.144723901881600000e+13
5.675671342685370473e+04 1.134566202401878125e+13
5.695691382765530579e+04 1.124496436871954297e+13
5.715711422845690686e+04 1.114513879246746875e+13
5.735731462925851520e+04 1.104617808848288672e+13
5.755751503006011626e+04 1.094807510339549805e+13
5.775771543086171732e+04 1.085082302191856445e+13
5.795791583166332566e+04 1.075441423319655078e+13
5.815811623246492672e+04 1.065884202112102930e+13
5.835831663326652779e+04 1.056409944323142383e+13
5.855851703406813613e+04 1.047017960910608984e+13
5.875871743486973719e+04 1.037707568008440820e+13
5.895891783567133825e+04 1.028478086898555664e+13
5.915911823647293932e+04 1.019328843982425781e+13
5.935931863727454765e+04 1.010259200359618164e+13
5.955951903807614872e+04 1.001268434024833594e+13
5.975971943887774978e+04 9.923559155417923828e+12
5.995991983967935812e+04 9.835209915101839844e+12
6.016012024048095918e+04 9.747630135085382812e+12
6.036032064128256025e+04 9.660813380656066406e+12
6.056052104208416131e+04 9.574753266310712891e+12
6.076072144288576965e+04 9.489443455474130859e+12
6.096092184368737071e+04 9.404877660208486328e+12
6.116112224448897177e+04 9.321049640935015625e+12
6.136132264529058011e+04 9.237953206131267578e+12
6.156152304609218118e+04 9.155582212056310547e+12
6.176172344689378224e+04 9.073930562459814453e+12
6.196192384769539058e+04 8.992992208289541016e+12
6.216212424849699164e+04 8.912761147409146484e+12
6.236232464929859270e+04 8.833231424303687500e+12
6.256252505010019377e+04 8.754397129800309570e+12
6.276272545090180211e+04 8.676252400768893555e+12
6.296292585170340317e+04 8.598791419842773438e+12
6.316312625250500423e+04 8.522008415135318359e+12
6.336332665330661257e+04 8.445897659932335938e+12
6.356352705410821363e+04 8.370453472435964844e+12
6.376372745490981470e+04 8.295670215445477539e+12
6.396392785571141576e+04 8.221542296098556641e+12
6.416412825651302410e+04 8.148064165567078125e+12
6.436432865731462516e+04 8.075230318778827148e+12
6.456452905811622622e+04 8.003035294133686523e+12
6.476472945891783456e+04 7.931473673220903320e+12
6.496492985971943563e+04 7.860540080523751953e+12
6.516513026052103669e+04 7.790229506642816406e+12
6.536533066132264503e+04 7.720536020479529297e+12
6.556553106212423882e+04 7.651454690701626953e+12
6.576573146292584715e+04 7.582980636098632812e+12
6.596593186372745549e+04 7.515108046830491211e+12
6.616613226452904928e+04 7.447832118095512695e+12
6.636633266533065762e+04 7.381147766816401367e+12
6.656653306613226596e+04 7.315049950572317383e+12
6.676673346693385975e+04 7.249533667324126953e+12
6.696693386773546808e+04 7.184593955135644531e+12
6.716713426853707642e+04 7.120225891904595703e+12
6.736733466933867021e+04 7.056424595077767578e+12
6.756753507014027855e+04 6.993185221389046875e+12
6.776773547094188689e+04 6.930502966578039062e+12
6.796793587174348067e+04 6.868373065121155273e+12
6.816813627254508901e+04 6.806790789968712891e+12
6.836833667334668280e+04 6.745751452259108398e+12
6.856853707414829114e+04 6.685250401066628906e+12
6.876873747494989948e+04 6.625283023125840820e+12
6.896893787575149327e+04 6.565844742566166992e+12
6.916913827655310160e+04 6.506931020650277344e+12
6.936933867735470994e+04 6.448537355506919922e+12
6.956953907815630373e+04 6.390659281866836914e+12
6.976973947895791207e+04 6.333292370804828125e+12
6.996993987975952041e+04 6.276432229473832031e+12
7.017014028056111420e+04 6.220074500856825195e+12
7.037034068136272253e+04 6.164214863488534180e+12
7.057054108216433087e+04 6.108849031217684570e+12
7.077074148296592466e+04 6.053972752943746094e+12
7.097094188376753300e+04 5.999581812361831055e+12
7.117114228456914134e+04 5.945672027706081055e+12
7.137134268537073513e+04 5.892239251505164062e+12
7.157154308617234346e+04 5.839279370321728516e+12
7.177174348697393725e+04 5.786788304515525391e+12
7.197194388777554559e+04 5.734762185094297852e+12
7.217214428857715393e+04 5.683197186230720703e+12
7.237234468937874772e+04 5.632088435756420898e+12
7.257254509018035606e+04 5.581432515235177734e+12
7.277274549098196439e+04 5.531225510267594727e+12
7.297294589178355818e+04 5.481463538779376953e+12
7.317314629258516652e+04 5.432142750767333984e+12
7.337334669338677486e+04 5.383259328065396484e+12
7.357354709418836865e+04 5.334809484107522461e+12
7.377374749498997699e+04 5.286789463691339844e+12
7.397394789579158532e+04 5.239195542738951172e+12
7.417414829659317911e+04 5.192024028062173828e+12
7.437434869739478745e+04 5.145271257134601562e+12
7.457454909819638124e+04 5.098933597856173828e+12
7.477474949899798958e+04 5.053007448324295898e+12
7.497494989979959792e+04 5.007489236602925781e+12
7.517515030060119170e+04 4.962375420494201172e+12
7.537535070140280004e+04 4.917662487315935547e+12
7.557555110220440838e+04 4.873346953675676758e+12
7.577575150300600217e+04 4.829425365244336914e+12
7.597595190380761051e+04 4.785894296532934570e+12
7.617615230460921885e+04 4.742750350674737305e+12
7.637635270541081263e+04 4.699990159205497070e+12
7.657655310621242097e+04 4.657610381841476562e+12
7.677675350701402931e+04 4.615607706269686523e+12
7.697695390781562310e+04 4.573978847918901367e+12
7.717715430861723144e+04 4.532720549760011719e+12
7.737735470941883978e+04 4.491829582082080078e+12
7.757755511022043356e+04 4.451302742285170898e+12
7.777775551102204190e+04 4.411136854672794922e+12
7.797795591182363569e+04 4.371329155996852051e+12
7.817815631262524403e+04 4.331875758610881836e+12
7.837835671342685237e+04 4.292773945716967773e+12
7.857855711422844615e+04 4.254021035759611328e+12
7.877875751503005449e+04 4.215613213595229492e+12
7.897895791583166283e+04 4.177547842890891113e+12
7.917915831663325662e+04 4.139821930466090332e+12
7.937935871743486496e+04 4.102432508401112305e+12
7.957955911823647330e+04 4.065376633845766602e+12
7.977975951903806708e+04 4.028651388812980469e+12
7.997995991983967542e+04 3.992253879987342773e+12
8.018016032064128376e+04 3.956181238534634277e+12
8.038036072144287755e+04 3.920430619896330078e+12
8.058056112224448589e+04 3.884999203607649902e+12
8.078076152304609423e+04 3.849884193105790527e+12
8.098096192384768801e+04 3.815082815537410156e+12
8.118116232464929635e+04 3.780592321565733398e+12
8.138136272545089014e+04 3.746409985197446289e+12
8.158156312625249848e+04 3.712533103576890625e+12
8.178176352705410682e+04 3.678958996824754395e+12
8.198196392785570060e+04 3.645685007834485840e+12
8.218216432865730894e+04 3.612708502099515625e+12
8.238236472945891728e+04 3.580026867534288086e+12
8.258256513026051107e+04 3.547637514292858887e+12
8.278276553106211941e+04 3.515537874579427246e+12
8.298296593186372775e+04 3.483725402494201660e+12
8.318316633266532153e+04 3.452197573840208496e+12
8.338336673346692987e+04 3.420952299481226562e+12
8.358356713426853821e+04 3.389986277467380371e+12
8.378376753507013200e+04 3.359297454880997559e+12
8.398396793587174034e+04 3.328883392626111816e+12
8.418416833667334868e+04 3.298741672444693848e+12
8.438436873747494246e+04 3.268870315831959473e+12
8.458456913827655080e+04 3.239266114007199707e+12
8.478476953907814459e+04 3.209927122982744141e+12
8.498496993987975293e+04 3.180851006216136719e+12
8.518517034068136127e+04 3.152035447183989258e+12
8.538537074148295505e+04 3.123478149212662598e+12
8.558557114228456339e+04 3.095176835325069336e+12
8.578577154308617173e+04 3.067129248068800293e+12
8.598597194388776552e+04 3.039333149367653809e+12
8.618617234468937386e+04 3.011786320357967773e+12
8.638637274549098220e+04 2.984486561237083984e+12
8.658657314629257598e+04 2.957431691100302246e+12
8.678677354709418432e+04 2.930619547791921387e+12
8.698697394789579266e+04 2.904047987750351562e+12
8.718717434869738645e+04 2.877714885854852539e+12
8.738737474949899479e+04 2.851618135273006348e+12
8.758757515030060313e+04 2.825755647318644531e+12
8.778777555110219691e+04 2.800125351292282715e+12
8.798797595190380525e+04 2.774725628000842773e+12
8.818817635270539904e+04 2.749553581330734375e+12
8.838837675350700738e+04 2.724607621055092773e+12
8.858857715430861572e+04 2.699885746970883789e+12
8.878877755511020951e+04 2.675385976144955566e+12
8.898897795591181784e+04 2.651106342760194824e+12
8.918917835671342618e+04 2.627045337727841309e+12
8.938937875751501997e+04 2.603200155933136719e+12
8.958957915831662831e+04 2.579569315530827148e+12
8.978977955911823665e+04 2.556150917789647461e+12
8.998997995991983043e+04 2.532943080399743164e+12
9.019018036072143877e+04 2.509943937339132812e+12
9.039038076152304711e+04 2.487151638739596680e+12
9.059058116232464090e+04 2.464564350751432129e+12
9.079078156312624924e+04 2.442180255409808594e+12
9.099098196392785758e+04 2.419997550506904785e+12
9.119118236472945136e+04 2.398014449460036621e+12
9.139138276553105970e+04 2.376229181170845215e+12
9.159158316633265349e+04 2.354639989913042480e+12
9.179178356713426183e+04 2.333245135196223633e+12
9.199198396793587017e+04 2.312043345482939941e+12
9.219218436873746396e+04 2.291032009049521973e+12
9.239238476953907229e+04 2.270209877911089355e+12
9.259258517034068063e+04 2.249575271253072266e+12
9.279278557114227442e+04 2.229126522882627930e+12
9.299298597194388276e+04 2.208861981089761230e+12
9.319318637274549110e+04 2.188780008524639893e+12
9.339338677354708489e+04 2.168879446288732178e+12
9.359358717434869322e+04 2.149157763454803467e+12
9.379378757515030156e+04 2.129613822908131348e+12
9.399398797595189535e+04 2.110246043579653564e+12
9.419418837675350369e+04 2.091052858173532959e+12
9.439438877755509748e+04 2.072032713053457520e+12
9.459458917835670582e+04 2.053184068129259033e+12
9.479478957915831415e+04 2.034505396738018066e+12
9.499498997995990794e+04 2.015995185532765625e+12
9.519519038076151628e+04 1.997651934376242188e+12
9.539539078156312462e+04 1.979474630062670166e+12
9.559559118236471841e+04 1.961460857264080078e+12
9.579579158316632675e+04 1.943609622288586426e+12
9.599599198396793508e+04 1.925919476711672852e+12
9.619619238476952887e+04 1.908388984764540527e+12
9.639639278557113721e+04 1.891016723231749756e+12
9.659659318637274555e+04 1.873801760011621826e+12
9.679679358717433934e+04 1.856741745724860840e+12
9.699699398797594768e+04 1.839835766516374268e+12
9.719719438877755601e+04 1.823082448317650635e+12
9.739739478957914980e+04 1.806480429085959717e+12
9.759759519038075814e+04 1.790028358708022217e+12
9.779779559118235193e+04 1.773724898885290527e+12
9.799799599198396027e+04 1.757569208900003906e+12
9.819819639278556861e+04 1.741559008529216064e+12
9.839839679358716239e+04 1.725693473869864746e+12
9.859859719438877073e+04 1.709971312932901855e+12
9.879879759519037907e+04 1.694391245062812500e+12
9.899899799599197286e+04 1.678952244731268311e+12
9.919919839679358120e+04 1.663652815588119141e+12
9.939939879759518954e+04 1.648491461279620850e+12
9.959959919839678332e+04 1.633467188882222656e+12
9.979979959919839166e+04 1.618578772963007080e+12
1.000000000000000000e+05 1.603825492918006348e+12
