1.000000000000000000e+02 3.867797536420844531e+13
3.002004008016032230e+02 5.347409359739621875e+13
5.004008016032063892e+02 6.134305962684537500e+13
7.006012024048095554e+02 6.668590733137341406e+13
9.008016032064127785e+02 7.065520980037575000e+13
1.101002004008016002e+03 7.374652017297765625e+13
1.301202404809619111e+03 7.622326289549534375e+13
1.501402805611222448e+03 7.824386759514907812e+13
1.701603206412825557e+03 7.991174047777665625e+13
1.901803607214428666e+03 8.129844166175742188e+13
2.102004008016032003e+03 8.245572335701062500e+13
2.302204408817635340e+03 8.342232302192126562e+13
2.502404809619238222e+03 8.422804887267235938e+13
2.702605210420841559e+03 8.489636442281706250e+13
2.902805611222444895e+03 8.544609237776057812e+13
3.103006012024047777e+03 8.589257707265276562e+13
3.303206412825651114e+03 8.624850098879757812e+13
3.503406813627254451e+03 8.652447273656567188e+13
3.703607214428857333e+03 8.672945957292095312e+13
3.903807615230460669e+03 8.687111182963171875e+13
4.104008016032064006e+03 8.695601014074645312e+13
4.304208416833666888e+03 8.698985686279378125e+13
4.504408817635270680e+03 8.697762609509035938e+13
4.704609218436873562e+03 8.692368271222209375e+13
4.904809619238476444e+03 8.683187788398696875e+13
5.105010020040080235e+03 8.670562645233037500e+13
5.305210420841683117e+03 8.654797011924087500e+13
5.505410821643285999e+03 8.636162956325532812e+13
5.705611222444889790e+03 8.614904764650550000e+13
5.905811623246492672e+03 8.591242559585798438e+13
6.106012024048095554e+03 8.565375348773789062e+13
6.306212424849699346e+03 8.537483583921865625e+13
6.506412825651302228e+03 8.507731372145334375e+13
6.706613226452905110e+03 8.476268342280320312e+13
6.906813627254508901e+03 8.443231254335398438e+13
7.107014028056111783e+03 8.408745404138390625e+13
7.307214428857714665e+03 8.372925818957512500e+13
7.507414829659318457e+03 8.335878322991575000e+13
7.707615230460921339e+03 8.297700451476615625e+13
7.907815631262524221e+03 8.258482260724948438e+13
8.108016032064128012e+03 8.218307040064517188e+13
8.308216432865730894e+03 8.177251943079562500e+13
8.508416833667333776e+03 8.135388538950248438e+13
8.708617234468936658e+03 8.092783311829853125e+13
8.908817635270541359e+03 8.049498106909756250e+13
9.109018036072144241e+03 8.005590519481289062e+13
9.309218436873747123e+03 7.961114250664718750e+13
9.509418837675350005e+03 7.916119427763284375e+13
9.709619238476952887e+03 7.870652883564518750e+13
9.909819639278555769e+03 7.824758418178473438e+13
1.011002004008016047e+04 7.778477041144868750e+13
1.031022044088176335e+04 7.731847168166239062e+13
1.051042084168336623e+04 7.684904820125150000e+13
1.071062124248496912e+04 7.637683802991518750e+13
1.091082164328657200e+04 7.590215859970053125e+13
1.111102204408817488e+04 7.542530819167482812e+13
1.131122244488977958e+04 7.494656726530264062e+13
1.151142284569138246e+04 7.446619967594032812e+13
1.171162324649298534e+04 7.398445379159753125e+13
1.191182364729458823e+04 7.350156351883167188e+13
1.211202404809619111e+04 7.301774924653410938e+13
1.231222444889779399e+04 7.253321874718103125e+13
1.251242484969939869e+04 7.204816788691939062e+13
1.271262525050100157e+04 7.156278142328039062e+13
1.291282565130260446e+04 7.107723375384968750e+13
1.311302605210420734e+04 7.059168946165376562e+13
1.331322645290581022e+04 7.010630393194919531e+13
1.351342685370741492e+04 6.962122393270537500e+13
1.371362725450901780e+04 6.913658802295930469e+13
1.391382765531062068e+04 6.865252708018139844e+13
1.411402805611222357e+04 6.816916481885410156e+13
1.431422845691382645e+04 6.768661809555676562e+13
1.451442885771542933e+04 6.720499732395043750e+13
1.471462925851703403e+04 6.672440683132526562e+13
1.491482965931863691e+04 6.624494523064978125e+13
1.511503006012023980e+04 6.576670561942353125e+13
1.531523046092184268e+04 6.528977594208157031e+13
1.551543086172344556e+04 6.481423934152065625e+13
1.571563126252504844e+04 6.434017430536714062e+13
1.591583166332665314e+04 6.386765494241977344e+13
1.611603206412825602e+04 6.339675120877534375e+13
1.631623246492985891e+04 6.292752912038317969e+13
1.651643286573146179e+04 6.246005095298006250e+13
1.671663326653306649e+04 6.199437543032506250e+13
1.691683366733466755e+04 6.153055790148725781e+13
1.711703406813627225e+04 6.106865050798778125e+13
1.731723446893787332e+04 6.060870234144266406e+13
1.751743486973947802e+04 6.015075959236403906e+13
1.771763527054108272e+04 5.969486569068316406e+13
1.791783567134268378e+04 5.924106148484416406e+13
1.811803607214428848e+04 5.878938527772932031e+13
1.831823647294588955e+04 5.833987289901938281e+13
1.851843687374749425e+04 5.789255798888332812e+13
1.871863727454909531e+04 5.744747207277465625e+13
1.891883767535070001e+04 5.700464456859717969e+13
1.911903807615230471e+04 5.656410292654232031e+13
1.931923847695390577e+04 5.612587271989672656e+13
1.951943887775551048e+04 5.568997773121905469e+13
1.971963927855711154e+04 5.525644003417133594e+13
1.991983967935871624e+04 5.482528007127159375e+13
2.012004008016032094e+04 5.439651672777328906e+13
2.032024048096192200e+04 5.397016740193511719e+13
2.052044088176352670e+04 5.354624807185079688e+13
2.072064128256512777e+04 5.312477335905816406e+13
2.092084168336673247e+04 5.270575658909856250e+13
2.112104208416833717e+04 5.228920984919632031e+13
2.132124248496993823e+04 5.187514409685099219e+13
2.152144288577154293e+04 5.146356905490056250e+13
2.172164328657314400e+04 5.105449336123832812e+13
2.192184368737474870e+04 5.064792472514698438e+13
2.212204408817634976e+04 5.024386981725625781e+13
2.232224448897795446e+04 4.984233436369990625e+13
2.252244488977955916e+04 4.944332318757069531e+13
2.272264529058116022e+04 4.904684024850250000e+13
2.292284569138276493e+04 4.865288868050390625e+13
2.312304609218436599e+04 4.826147082811547656e+13
2.332324649298597069e+04 4.787258828097842969e+13
2.352344689378757539e+04 4.748624202578582812e+13
2.372364729458917645e+04 4.710243200902903125e+13
2.392384769539078115e+04 4.672115786092806250e+13
2.412404809619238222e+04 4.634241846819131250e+13
2.432424849699398692e+04 4.596621211430579688e+13
2.452444889779558798e+04 4.559253650609581250e+13
2.472464929859719268e+04 4.522138879917391406e+13
2.492484969939879738e+04 4.485276562232495312e+13
2.512505010020039845e+04 4.448666310087535938e+13
2.532525050100200315e+04 4.412307694282771875e+13
2.552545090180360421e+04 4.376200227279810938e+13
2.572565130260520891e+04 4.340343377226403906e+13
2.592585170340681361e+04 4.304736582866396875e+13
2.612605210420841468e+04 4.269379236828306250e+13
2.632625250501001938e+04 4.234270693535297656e+13
2.652645290581162044e+04 4.199410270951213281e+13
2.672665330661322514e+04 4.164797252258520312e+13
2.692685370741482984e+04 4.130430887466754688e+13
2.712705410821643090e+04 4.096310394959635156e+13
2.732725450901803561e+04 4.062434962979465625e+13
2.752745490981963667e+04 4.028803751053563281e+13
2.772765531062124137e+04 3.995415891366106250e+13
2.792785571142284243e+04 3.962270490073079688e+13
2.812805611222444713e+04 3.929366628571095312e+13
2.832825651302605183e+04 3.896703364711912500e+13
2.852845691382765290e+04 3.864279733973619531e+13
2.872865731462925760e+04 3.832094750584657812e+13
2.892885771543085866e+04 3.800147408606152344e+13
2.912905811623246336e+04 3.768436682971666406e+13
2.932925851703406806e+04 3.736961537714166406e+13
2.952945891783566913e+04 3.705720905743162500e+13
2.972965931863727383e+04 3.674713702914157812e+13
2.992985971943887489e+04 3.643938851996597656e+13
3.013006012024047959e+04 3.613395239300164844e+13
3.033026052104208065e+04 3.583081737028428125e+13
3.053046092184368536e+04 3.552997219560605469e+13
3.073066132264529006e+04 3.523140541818724219e+13
3.093086172344689112e+04 3.493510547352304688e+13
3.113106212424849582e+04 3.464106069045709375e+13
3.133126252505009688e+04 3.434925929799854297e+13
3.153146292585170158e+04 3.405968943187428125e+13
3.173166332665330629e+04 3.377233914084867969e+13
3.193186372745490735e+04 3.348719639279744141e+13
3.213206412825651205e+04 3.320424908055952344e+13
3.233226452905811311e+04 3.292348502757415625e+13
3.253246492985971781e+04 3.264489199329481641e+13
3.273266533066132251e+04 3.236845767842843750e+13
3.293286573146292358e+04 3.209416972994427344e+13
3.313306613226452464e+04 3.182201574592973047e+13
3.333326653306613298e+04 3.155198328024258984e+13
3.353346693386773404e+04 3.128405984700185547e+13
3.373366733466933510e+04 3.101823292490311328e+13
3.393386773547094344e+04 3.075448996138823438e+13
3.413406813627254451e+04 3.049281837663135547e+13
3.433426853707414557e+04 3.023320556741462500e+13
3.453446893787574663e+04 2.997563891081949609e+13
3.473466933867735497e+04 2.972010576780788672e+13
3.493486973947895603e+04 2.946659357481916016e+13
3.513507014028055710e+04 2.921508958636531250e+13
3.533527054108216544e+04 2.896558104617912500e+13
3.553547094188376650e+04 2.871805536927733203e+13
3.573567134268536756e+04 2.847249988506194922e+13
3.593587174348696863e+04 2.822890201480389453e+13
3.613607214428857696e+04 2.798724901168311328e+13
3.633627254509017803e+04 2.774752812867253516e+13
3.653647294589177909e+04 2.750972680948084766e+13
3.673667334669338743e+04 2.727383242303651562e+13
3.693687374749498849e+04 2.703983235355015234e+13
3.713707414829658956e+04 2.680771400276352344e+13
3.733727454909819062e+04 2.657746479209555078e+13
3.753747494989979896e+04 2.634907216471343359e+13
3.773767535070140002e+04 2.612252358752304688e+13
3.793787575150300108e+04 2.589780655308264062e+13
3.813807615230460942e+04 2.567490858142262500e+13
3.833827655310621049e+04 2.545381722182418359e+13
3.853847695390781155e+04 2.523452005449423047e+13
3.873867735470941989e+04 2.501700469219306641e+13
3.893887775551102095e+04 2.480125878178240234e+13
3.913907815631262201e+04 2.458727000572657812e+13
3.933927855711422308e+04 2.437502608351474219e+13
3.953947895791583142e+04 2.416451477302355859e+13
3.973967935871743248e+04 2.395572387184586719e+13
3.993987975951903354e+04 2.374864121852126562e+13
4.014008016032064188e+04 2.354325469376520312e+13
4.034028056112224294e+04 2.333955232132733594e+13
4.054048096192384401e+04 2.313752197365503125e+13
4.074068136272544507e+04 2.293715156395006250e+13
4.094088176352705341e+04 2.273842924969426562e+13
4.114108216432865447e+04 2.254134313867103906e+13
4.134128256513025553e+04 2.234588138698605469e+13
4.154148296593186387e+04 2.215203219996035156e+13
4.174168336673346494e+04 2.195978383293846094e+13
4.194188376753506600e+04 2.176912459209453906e+13
4.214208416833667434e+04 2.158004283517457812e+13
4.234228456913827540e+04 2.139252697220473828e+13
4.254248496993987646e+04 2.120656546618964062e+13
4.274268537074147753e+04 2.102214683372914453e+13
4.294288577154308587e+04 2.083925975191289844e+13
4.314308617234468693e+04 2.065789274500357422e+13
4.334328657314628799e+04 2.047803438442985938e+13
4.354348697394789633e+04 2.029967351178768750e+13
4.374368737474949739e+04 2.012279892022280469e+13
4.394388777555109846e+04 1.994739945967650000e+13
4.414408817635269952e+04 1.977346403731130469e+13
4.434428857715430786e+04 1.960098161791681250e+13
4.454448897795590892e+04 1.942994122428492578e+13
4.474468937875750999e+04 1.926033193755341406e+13
4.494488977955911832e+04 1.909214289755080078e+13
4.514509018036071939e+04 1.892536330307779688e+13
4.534529058116232045e+04 1.875998241220523047e+13
4.554549098196392879e+04 1.859598954253167578e+13
4.574569138276552985e+04 1.843337407141534375e+13
4.594589178356713091e+04 1.827212543619614453e+13
4.614609218436873198e+04 1.811223313439374219e+13
4.634629258517034032e+04 1.795368683898078906e+13
4.654649298597194138e+04 1.779647605707848047e+13
4.674669338677354244e+04 1.764059035156892578e+13
4.694689378757515078e+04 1.748601957482898242e+13
4.714709418837675184e+04 1.733275352761687695e+13
4.734729458917835291e+04 1.718078207166975000e+13
4.754749498997995397e+04 1.703009512980090234e+13
4.774769539078156231e+04 1.688068268595770312e+13
4.794789579158316337e+04 1.673253478525649414e+13
4.814809619238476444e+04 1.658564153404158398e+13
4.834829659318637277e+04 1.643999309987648633e+13
4.854849699398797384e+04 1.629557971158220312e+13
4.874869739478957490e+04 1.615239165920205664e+13
4.894889779559117596e+04 1.601041929400374219e+13
4.914909819639278430e+04 1.586965302845369336e+13
4.934929859719438537e+04 1.573008333615382031e+13
4.954949899799598643e+04 1.559170075181295117e+13
4.974969939879759477e+04 1.545449587117758789e+13
4.994989979959919583e+04 1.531845935095305078e+13
5.015010020040079689e+04 1.518358190873259375e+13
5.035030060120240523e+04 1.504985457260144727e+13
5.055050100200400630e+04 1.491726768866900391e+13
5.075070140280560736e+04 1.478581239999940820e+13
5.095090180360720842e+04 1.465547966671363477e+13
5.115110220440881676e+04 1.452626050926604297e+13
5.135130260521041782e+04 1.439814600831746875e+13
5.155150300601201889e+04 1.427112730459124219e+13
5.175170340681362723e+04 1.414519559872205859e+13
5.195190380761522829e+04 1.402034215109804102e+13
5.215210420841682935e+04 1.389655828170747656e+13
5.235230460921843041e+04 1.377383536995894727e+13
5.255250501002003875e+04 1.365216485451343750e+13
5.275270541082163982e+04 1.353153849538656836e+13
5.295290581162324088e+04 1.341194733106676758e+13
5.315310621242484922e+04 1.329338323282457031e+13
5.335330661322645028e+04 1.317583787444712500e+13
5.355350701402805134e+04 1.305930298801080664e+13
5.375370741482965968e+04 1.294377036366277344e+13
5.395390781563126075e+04 1.282923184942553516e+13
5.415410821643286181e+04 1.271567935096239258e+13
5.435430861723446287e+04 1.260310483136631445e+13
5.455450901803607121e+04 1.249150031092592773e+13
5.475470941883767227e+04 1.238085786690427344e+13
5.495490981963927334e+04 1.227116963329823633e+13
5.515511022044088168e+04 1.216242780060580664e+13
5.535531062124248274e+04 1.205462461558250195e+13
5.555551102204408380e+04 1.194775238099916406e+13
5.575571142284568487e+04 1.184180345539227930e+13
5.595591182364729320e+04 1.173677025281893359e+13
5.615611222444889427e+04 1.163264524259591016e+13
5.635631262525049533e+04 1.152942094905319141e+13
5.655651302605210367e+04 1.142708995126970508e+13
5.675671342685370473e+04 1.132564488281214258e+13
5.695691382765530579e+04 1.122507843147789062e+13
5.715711422845690686e+04 1.112538333901896094e+13
5.735731462925851520e+04 1.102655240089030273e+13
5.755751503006011626e+04 1.092857846596766992e+13
5.775771543086171732e+04 1.083145457973431445e+13
5.795791583166332566e+04 1.073517355855518359e+13
5.815811623246492672e+04 1.063972826322439258e+13
5.835831663326652779e+04 1.054511189554400391e+13
5.855851703406813613e+04 1.045131756742241602e+13
5.875871743486973719e+04 1.035833844254295312e+13
5.895891783567133825e+04 1.026616773607973633e+13
5.915911823647293932e+04 1.017479886164837891e+13
5.935931863727454765e+04 1.008422499328504883e+13
5.955951903807614872e+04 9.994439350424750000e+12
5.975971943887774978e+04 9.905435496156250000e+12
5.995991983967935812e+04 9.817206898906945312e+12
6.016012024048095918e+04 9.729747076900199219e+12
6.036032064128256025e+04 9.643049597876976562e+12
6.056052104208416131e+04 9.557108078791166016e+12
6.076072144288576965e+04 9.471916185548818359e+12
6.096092184368737071e+04 9.387467632694949219e+12
6.116112224448897177e+04 9.303756183137804688e+12
6.136132264529058011e+04 9.220775647868619141e+12
6.156152304609218118e+04 9.138519885658853516e+12
6.176172344689378224e+04 9.056982802779708984e+12
6.196192384769539058e+04 8.976158352711683594e+12
6.216212424849699164e+04 8.896040535855953125e+12
6.236232464929859270e+04 8.816623399255587891e+12
6.256252505010019377e+04 8.737901036281936523e+12
6.276272545090180211e+04 8.659867586376833984e+12
6.296292585170340317e+04 8.582517234745958984e+12
6.316312625250500423e+04 8.505844212072433594e+12
6.336332665330661257e+04 8.429842794237912109e+12
6.356352705410821363e+04 8.354507302022045898e+12
6.376372745490981470e+04 8.279832100833731445e+12
6.396392785571141576e+04 8.205811600403039062e+12
6.416412825651302410e+04 8.132440254511216797e+12
6.436432865731462516e+04 8.059712560700509766e+12
6.456452905811622622e+04 7.987623059985162109e+12
6.476472945891783456e+04 7.916166336575946289e+12
6.496492985971943563e+04 7.845337017583473633e+12
6.516513026052103669e+04 7.775130096736267578e+12
6.536533066132264503e+04 7.705539644573710938e+12
6.556553106212423882e+04 7.636560894789884766e+12
6.576573146292584715e+04 7.568188485350291016e+12
6.596593186372745549e+04 7.500417090339409180e+12
6.616613226452904928e+04 7.433241747882397461e+12
6.636633266533065762e+04 7.366657377550442383e+12
6.656653306613226596e+04 7.300658939564027344e+12
6.676673346693385975e+04 7.235241434540910156e+12
6.696693386773546808e+04 7.170399903194023438e+12
6.716713426853707642e+04 7.106129426070076172e+12
6.736733466933867021e+04 7.042425123274981445e+12
6.756753507014027855e+04 6.979282154195272461e+12
6.776773547094188689e+04 6.916695717223220703e+12
6.796793587174348067e+04 6.854661049491369141e+12
6.816813627254508901e+04 6.793173426602900391e+12
6.836833667334668280e+04 6.732228162354734375e+12
6.856853707414829114e+04 6.671820608475257812e+12
6.876873747494989948e+04 6.611946154352707031e+12
6.896893787575149327e+04 6.552600226772848633e+12
6.916913827655310160e+04 6.493778289647992188e+12
6.936933867735470994e+04 6.435475843757130859e+12
6.956953907815630373e+04 6.377688426484912109e+12
6.976973947895791207e+04 6.320411611552532227e+12
6.996993987975952041e+04 6.263641008761387695e+12
7.017014028056111420e+04 6.207372263736574219e+12
7.037034068136272253e+04 6.151601057659266602e+12
7.057054108216433087e+04 6.096323107022180664e+12
7.077074148296592466e+04 6.041534163358363281e+12
7.097094188376753300e+04 5.987230012998733398e+12
7.117114228456914134e+04 5.933406476814320312e+12
7.137134268537073513e+04 5.880059409961821289e+12
7.157154308617234346e+04 5.827184701633342773e+12
7.177174348697393725e+04 5.774778274812827148e+12
7.197194388777554559e+04 5.722836265112532227e+12
7.217214428857715393e+04 5.671354846091599609e+12
7.237234468937874772e+04 5.620329148753940430e+12
7.257254509018035606e+04 5.569755757962240234e+12
7.277274549098196439e+04 5.519630761923163086e+12
7.297294589178355818e+04 5.469950281165042969e+12
7.317314629258516652e+04 5.420710468281963867e+12
7.337334669338677486e+04 5.371907507699250977e+12
7.357354709418836865e+04 5.323537615443132812e+12
7.377374749498997699e+04 5.275597038894843750e+12
7.397394789579158532e+04 5.228082056554041992e+12
7.417414829659317911e+04 5.180988977809142578e+12
7.437434869739478745e+04 5.134314142704029297e+12
7.457454909819638124e+04 5.088053921702516602e+12
7.477474949899798958e+04 5.042204715460046875e+12
7.497494989979959792e+04 4.996762954598651367e+12
7.517515030060119170e+04 4.951725099465096680e+12
7.537535070140280004e+04 4.907087639925974609e+12
7.557555110220440838e+04 4.862847095119438477e+12
7.577575150300600217e+04 4.819000013253999023e+12
7.597595190380761051e+04 4.775542971362008789e+12
7.617615230460921885e+04 4.732472575100661133e+12
7.637635270541081263e+04 4.689785458518141602e+12
7.657655310621242097e+04 4.647478283840530273e+12
7.677675350701402931e+04 4.605547741251064453e+12
7.697695390781562310e+04 4.563990548676959961e+12
7.717715430861723144e+04 4.522803451580294922e+12
7.737735470941883978e+04 4.481983222728488281e+12
7.757755511022043356e+04 4.441526662002875977e+12
7.777775551102204190e+04 4.401430788078117188e+12
7.797795591182363569e+04 4.361692266542649902e+12
7.817815631262524403e+04 4.322307783774559082e+12
7.837835671342685237e+04 4.283274435579966797e+12
7.857855711422844615e+04 4.244589543425605957e+12
7.877875751503005449e+04 4.206249293443791016e+12
7.897895791583166283e+04 4.168251052301395996e+12
7.917915831663325662e+04 4.130591829240051270e+12
7.937935871743486496e+04 4.093268658752531250e+12
7.957955911823647330e+04 4.056278600396312012e+12
7.977975951903806708e+04 4.019618738580985840e+12
7.997995991983967542e+04 3.983286182385702637e+12
8.018016032064128376e+04 3.947278065350024414e+12
8.038036072144287755e+04 3.911591545300309570e+12
8.058056112224448589e+04 3.876223804137467773e+12
8.078076152304609423e+04 3.841172047659083496e+12
8.098096192384768801e+04 3.806433505359546875e+12
8.118116232464929635e+04 3.772005430251913574e+12
8.138136272545089014e+04 3.737885098678675781e+12
8.158156312625249848e+04 3.704069810116369629e+12
8.178176352705410682e+04 3.670556887002664062e+12
8.198196392785570060e+04 3.637343674542317383e+12
8.218216432865730894e+04 3.604427540541374023e+12
8.238236472945891728e+04 3.571805875203381348e+12
8.258256513026051107e+04 3.539476090974118652e+12
8.278276553106211941e+04 3.507435622339177734e+12
8.298296593186372775e+04 3.475681925671920898e+12
8.318316633266532153e+04 3.444212684776589844e+12
8.338336673346692987e+04 3.413025197596889648e+12
8.358356713426853821e+04 3.382116777599814941e+12
8.378376753507013200e+04 3.351485170377637207e+12
8.398396793587174034e+04 3.321127939064101562e+12
8.418416833667334868e+04 3.291042875070407715e+12
8.438436873747494246e+04 3.261227380400097168e+12
8.458456913827655080e+04 3.231678869557942383e+12
8.478476953907814459e+04 3.202395193930514648e+12
8.498496993987975293e+04 3.173374019166283203e+12
8.518517034068136127e+04 3.144613030920030762e+12
8.538537074148295505e+04 3.116109934692460449e+12
8.558557114228456339e+04 3.087862455663330078e+12
8.578577154308617173e+04 3.059868338538403320e+12
8.598597194388776552e+04 3.032125347387128418e+12
8.618617234468937386e+04 3.004631265482757324e+12
8.638637274549098220e+04 2.977383895150467285e+12
8.658657314629257598e+04 2.950381057603500000e+12
8.678677354709418432e+04 2.923620592797282227e+12
8.698697394789579266e+04 2.897100359271856445e+12
8.718717434869738645e+04 2.870818233999676758e+12
8.738737474949899479e+04 2.844772112236279297e+12
8.758757515030060313e+04 2.818959907364021484e+12
8.778777555110219691e+04 2.793379550752113770e+12
8.798797595190380525e+04 2.768029427235975586e+12
8.818817635270539904e+04 2.742906638847709473e+12
8.838837675350700738e+04 2.718009599334208984e+12
8.858857715430861572e+04 2.693336310528404785e+12
8.878877755511020951e+04 2.668884791516255371e+12
8.898897795591181784e+04 2.644653078493269531e+12
8.918917835671342618e+04 2.620639665048601562e+12
8.938937875751501997e+04 2.596841746730378906e+12
8.958957915831662831e+04 2.573257844345163574e+12
8.978977955911823665e+04 2.549886061138163574e+12
8.998997995991983043e+04 2.526724516765810547e+12
9.019018036072143877e+04 2.503771347169049805e+12
9.039038076152304711e+04 2.481024704432041016e+12
9.059058116232464090e+04 2.458482756645086914e+12
9.079078156312624924e+04 2.436143687778058594e+12
9.099098196392785758e+04 2.414005697552289062e+12
9.119118236472945136e+04 2.392067001294120605e+12
9.139138276553105970e+04 2.370325829818690918e+12
9.159158316633265349e+04 2.348780429293905762e+12
9.179178356713426183e+04 2.327429286923969727e+12
9.199198396793587017e+04 2.306270457550075684e+12
9.219218436873746396e+04 2.285302004943591309e+12
9.239238476953907229e+04 2.264522459056874023e+12
9.259258517034068063e+04 2.243930140931917480e+12
9.279278557114227442e+04 2.223523386216335449e+12
9.299298597194388276e+04 2.203300545038007324e+12
9.319318637274549110e+04 2.183260211940505127e+12
9.339338677354708489e+04 2.163400540380390869e+12
9.359358717434869322e+04 2.143719689988273682e+12
9.379378757515030156e+04 2.124216296101625732e+12
9.399398797595189535e+04 2.104888779441478760e+12
9.419418837675350369e+04 2.085735574498369629e+12
9.439438877755509748e+04 2.066755129411438721e+12
9.459458917835670582e+04 2.047945905854512451e+12
9.479478957915831415e+04 2.029306378921801270e+12
9.499498997995990794e+04 2.010835037017455322e+12
9.519519038076151628e+04 1.992530617483939697e+12
9.539539078156312462e+04 1.974391403485113525e+12
9.559559118236471841e+04 1.956415684935609375e+12
9.579579158316632675e+04 1.938602235957381836e+12
9.599599198396793508e+04 1.920949609830249023e+12
9.619619238476952887e+04 1.903456372481915771e+12
9.639639278557113721e+04 1.886121339718716064e+12
9.659659318637274555e+04 1.868942869874700928e+12
9.679679358717433934e+04 1.851919325734208252e+12
9.699699398797594768e+04 1.835049558518042725e+12
9.719719438877755601e+04 1.818332195814419922e+12
9.739739478957914980e+04 1.801765877222376953e+12
9.759759519038075814e+04 1.785349254262836426e+12
9.779779559118235193e+04 1.769081231969649414e+12
9.799799599198396027e+04 1.752960247948584717e+12
9.819819639278556861e+04 1.736984745101181885e+12
9.839839679358716239e+04 1.721153661207985352e+12
9.859859719438877073e+04 1.705465705872342529e+12
9.879879759519037907e+04 1.689919600023711426e+12
9.899899799599197286e+04 1.674514320644431641e+12
9.919919839679358120e+04 1.659248370967047852e+12
9.939939879759518954e+04 1.644120257382929443e+12
9.959959919839678332e+04 1.629128988387544678e+12
9.979979959919839166e+04 1.614273585859566895e+12
1.000000000000000000e+05 1.599552595173580566e+12
